Nr,Lat,Long,Latgms,Longms,Municipio,CodIbge,Estado,AreaKm2,Desmatado2015,Incremento20142015,Floresta2015,Nuvem2015,NaoObservado2015,NaoFloresta2015,Hidrografia2015,Soma 
 1,-3.25303,-45.97435,S 3 15 10.91,O 45 58 27.66,Zé Doca,2114007,MA,2438,2016.8,0.8,376.1,45.1,0.0,0.0,0.0,100
 2,-6.84864,-49.25551,S 6 50 55.10,O 49 15 19.84,Xinguara,1508407,PA,3793,3377.5,1.1,397.4,0.5,0.0,0.0,17.6,100
 3,-10.61178,-68.46285,S 10 36 42.41,O 68 27 46.26,Xapuri,1200708,AC,5511,1353.1,18.3,4157.9,0.0,0.0,0.0,0.0,100
 4,-6.59866,-48.48198,S 6 35 55.18,O 48 28 55.13,Xambioá,1722107,TO,1191,996.2,1.6,153.7,0.0,0.0,11.0,30.1,100
 5,-6.88444,-47.99094,S 6 53 3.98,O 47 59 27.38,Wanderlândia,1722081,TO,1382,316.6,0.3,144.6,0.0,0.0,920.8,0.0,100
 6,-4.15502,-45.29588,S 4 9 18.07,O 45 17 45.17,Vitorino Freire,2113009,MA,1209,1166.3,0.0,0,0.0,0.0,43.3,0.0,100
 7,-3.19117,-51.87114,S 3 11 28.21,O 51 52 16.10,Vitória do Xingu,1508357,PA,3136,1974.1,47.7,984.8,27.6,0.0,0.1,149.4,99
 8,-3.54938,-44.93269,S 3 32 57.77,O 44 55 57.68,Vitória do Mearim,2112902,MA,736,241.9,0.0,8.6,10.7,0.0,464.9,9.9,100
 9,-1.01612,-52.05024,S 1 0 58.03,O 52 3 0.86,Vitória do Jari,1600808,AP,2481,205.8,0.4,1238.1,527.7,0.0,379.8,129.6,100
 10,-1.09331,-46.26696,S 1 5 35.92,O 46 16 1.06,Viseu,1508308,PA,4971,3464.9,4.1,1039.4,334.0,0.0,45.4,87.3,100
 11,-12.12351,-60.11211,S 12 7 24.64,O 60 6 43.60,Vilhena,1100304,RO,11584,1778.2,15.8,8118.5,0.0,0.0,1685.8,1.5,99
 12,-10.01731,-51.43727,S 10 1 2.32,O 51 26 14.17,Vila Rica,5108600,MT,7443,4638.5,6.3,2607.8,0.0,0.0,186.8,9.9,100
 13,-5.03923,-48.09734,S 5 2 21.23,O 48 5 50.42,Vila Nova dos Martírios,2112852,MA,1196,971.7,0.3,83.3,0.0,0.0,131.8,9.2,99
 14,-15.13556,-60.01729,S 15 8 8.02,O 60 1 2.24,Vila Bela da Santíssima Trindade,5105507,MT,13521,4626.4,7.6,2228.3,2.9,0.0,6590.5,72.9,100
 15,-0.91777,-48.11811,S 0 55 3.97,O 48 7 5.20,Vigia,1508209,PA,536,218.8,1.4,107.4,32.0,0.0,16.4,161.4,100
 16,-3.13012,-45.18793,S 3 7 48.43,O 45 11 16.55,Viana,2112803,MA,1176,506.0,0.0,71.3,21.3,0.0,382.3,195.1,100
 17,-12.48409,-55.32384,S 12 29 2.72,O 55 19 25.82,Vera,5108501,MT,2952,1949.5,7.2,984.6,0.0,0.0,17.8,0.1,99
 18,-15.55785,-56.34462,S 15 33 28.26,O 56 20 40.63,Várzea Grande,5108402,MT,939,0.0,0.0,1.3,0.0,0.0,937.7,0.0,100
 19,-10.36243,-62.07227,S 10 21 44.75,O 62 4 20.17,Vale do Paraíso,1101807,RO,974,872.1,1.3,97.7,0.0,0.0,3.5,0.7,100
 20,-9.69033,-61.77120,S 9 41 25.19,O 61 46 16.32,Vale do Anari,1101757,RO,3166,1248.9,14.5,1886.8,0.0,0.0,11.3,19.0,100
 21,-15.02325,-58.95656,S 15 1 23.70,O 58 57 23.62,Vale de São Domingos,5108352,MT,1913,605.5,0.8,496.4,0.0,0.0,811.1,0.0,100
 22,-11.11448,-62.45596,S 11 6 52.13,O 62 27 21.46,Urupá,1101708,RO,841,692.1,1.0,51.2,0.0,0.0,97.7,0.0,100
 23,-2.83490,-57.83095,S 2 50 5.64,O 57 49 51.42,Urucurituba,1304401,AM,2915,97.0,0.2,128.0,0.0,0.0,1689.6,1000.4,100
 24,-1.24938,-58.78714,S 1 14 57.77,O 58 47 13.70,Urucará,1304302,AM,28012,344.3,0.4,24400.7,2197.6,0.0,423.0,646.4,100
 25,-3.57633,-53.74101,S 3 34 34.79,O 53 44 27.64,Uruará,1508159,PA,10794,3251.4,53.2,6430.1,1112.3,0.0,0.0,0.2,99
 26,-11.53596,-54.35070,S 11 32 9.46,O 54 21 2.52,União do Sul,5108303,MT,4583,1123.8,38.5,3436.5,0.0,0.0,22.7,0.0,100
 27,-3.80187,-47.54701,S 3 48 6.73,O 47 32 49.24,Ulianópolis,1508126,PA,5122,3505.9,22.5,1322.2,293.9,0.0,0.0,0.0,100
 28,4.71636,-60.34048,N 4 42 58.90,O 60 20 25.73,Uiramutã,1400704,RR,8117,48.0,0.1,2091.6,85.2,0.0,5884.1,8.1,99
 29,-3.20648,-65.43058,S 3 12 23.33,O 65 25 50.09,Uarini,1304260,AM,10448,256.4,0.5,9637.4,22.0,0.0,100.4,431.8,99
 30,-2.11952,-45.43842,S 2 7 10.27,O 45 26 18.31,Turilândia,2112456,MA,1529,1200.5,0.0,47.3,85.1,0.0,135.6,60.5,100
 31,-1.47124,-45.40039,S 1 28 16.46,O 45 24 1.40,Turiaçu,2112407,MA,2603,1934.7,1.6,275.9,277.7,0.0,48.0,66.7,100
 32,-8.35527,-48.19828,S 8 21 18.97,O 48 11 53.81,Tupiratins,1721307,TO,900,2.2,0.0,6.8,0.0,0.0,883.1,7.9,100
 33,-8.94054,-48.28255,S 8 56 25.94,O 48 16 57.18,Tupirama,1721257,TO,715,0.0,0.0,0,0.0,0.0,709.8,5.7,100
 34,-5.60091,-44.82688,S 5 36 3.28,O 44 49 36.77,Tuntum,2112308,MA,3619,1237.3,9.4,404.2,0.0,0.0,1933.7,43.8,99
 35,-3.77013,-45.57549,S 3 46 12.47,O 45 34 31.76,Tufilândia,2112274,MA,274,249.0,0.0,0.0,0.0,0.0,25.0,0.0,100
 36,-3.79728,-49.80670,S 3 47 50.21,O 49 48 24.12,Tucuruí,1508100,PA,2095,799.1,23.2,775.6,37.5,0.0,4.7,478.1,99
 37,-6.81334,-51.41284,S 6 48 48.02,O 51 24 46.22,Tucumã,1508084,PA,2513,2286.9,4.2,218.5,0.0,0.0,0.0,7.6,99
 38,-4.53616,-44.66999,S 4 32 10.18,O 44 40 11.96,Trizidela do Vale,2112233,MA,225,153.7,0.0,71.3,0.0,0.0,0.0,0.0,100
 39,-5.10620,-55.93385,S 5 6 22.32,O 55 56 1.86,Trairão,1508050,PA,11997,1285.2,25.0,10563.6,45.1,0.0,1.1,102.0,99
 40,-0.92904,-46.93052,S 0 55 44.54,O 46 55 49.87,Tracuateua,1508035,PA,858,468.7,0.3,104.1,75.6,0.0,188.8,20.8,99
 41,-16.29768,-52.91830,S 16 17 51.65,O 52 55 5.88,Torixoréu,5108204,MT,2397,0.0,0.0,1.7,0.0,0.0,2394.2,1.1,99
 42,-2.57583,-67.47268,S 2 34 32.99,O 67 28 21.65,Tonantins,1304237,AM,6619,85.0,0.0,3539.7,2611.2,0.0,67.4,315.7,100
 43,-2.66028,-48.25818,S 2 39 37.01,O 48 15 29.45,Tomé-Açu,1508001,PA,5169,2972.2,5.0,2037.4,158.9,0.0,0.1,0.4,100
 44,-6.23192,-47.55419,S 6 13 54.91,O 47 33 15.08,Tocantinópolis,1721208,TO,1085,302.5,0.0,133.6,0.0,0.0,624.0,24.9,99
 45,-9.61778,-48.15994,S 9 37 4.01,O 48 9 35.78,Tocantínia,1721109,TO,2619,0.0,0.0,0,0.0,0.0,2600.5,18.8,100
 46,-10.08860,-62.27984,S 10 5 18.96,O 62 16 47.42,Theobroma,1101609,RO,2217,1761.0,4.3,455.6,0.0,0.0,0.0,0.4,100
 47,-15.90627,-53.44494,S 15 54 22.57,O 53 26 41.78,Tesouro,5108105,MT,3944,0.0,0.0,4.0,0.0,0.0,3938.9,1.1,100
 48,-1.90481,-56.47418,S 1 54 17.32,O 56 28 27.05,Terra Santa,1507979,PA,1900,354.6,4.7,747.3,20.6,0.0,388.1,389.4,99
 49,-10.49327,-54.98918,S 10 29 35.77,O 54 59 21.05,Terra Nova do Norte,5108055,MT,2551,2141.6,2.2,404.8,0.0,0.0,4.6,0.0,100
 50,-0.99347,-47.84850,S 0 59 36.49,O 47 50 54.60,Terra Alta,1507961,PA,209,171.5,0.0,22.4,15.1,0.0,0.0,0.0,100
 51,-10.93190,-62.25910,S 10 55 54.84,O 62 15 32.76,Teixeirópolis,1101559,RO,464,442.1,0.4,21.9,0.0,0.0,0.0,0.0,100
 52,-4.41301,-65.57764,S 4 24 46.84,O 65 34 39.50,Tefé,1304203,AM,24186,660.8,2.2,22576.5,55.1,0.0,168.9,724.7,100
 53,-8.30801,-45.88700,S 8 18 28.84,O 45 53 13.20,Tasso Fragoso,2112001,MA,4426,0.0,0.0,27.1,0.0,0.0,4398.9,0.0,100
 54,1.31335,-50.92943,N 1 18 48.06,O 50 55 45.95,Tartarugalzinho,1600709,AP,6718,321.6,2.7,1501.5,1479.5,0.0,3226.1,189.3,99
 55,-8.26015,-71.43408,S 8 15 36.54,O 71 26 2.69,Tarauacá,1200609,AC,21156,1536.9,4.0,19111.0,493.3,0.0,1.2,13.6,99
 56,-12.58197,-56.49045,S 12 34 55.09,O 56 29 25.62,Tapurah,5108006,MT,4491,2046.8,18.7,1753.5,0.0,0.0,680.6,10.1,99
 57,-5.93398,-65.97188,S 5 56 2.33,O 65 58 18.77,Tapauá,1304104,AM,90962,323.9,0.7,86725.9,249.7,0.0,2161.1,1501.4,100
 58,-14.43270,-58.38021,S 14 25 57.72,O 58 22 48.76,Tangará da Serra,5107958,MT,11333,2178.4,0.5,640.9,0.0,0.0,8512.8,0.9,100
 59,-12.67090,-49.06021,S 12 40 15.24,O 49 3 36.76,Talismã,1720978,TO,2162,0.0,0.0,3.6,0.0,0.0,2158.4,0.0,100
 60,-12.15468,-46.97995,S 12 9 16.85,O 46 58 47.82,Taipas do Tocantins,1720937,TO,1123,0.0,0.0,0,0.0,0.0,1123.5,0.0,100
 61,-2.90336,-48.78385,S 2 54 12.10,O 48 47 1.86,Tailândia,1507953,PA,4451,2243.6,6.7,1998.3,209.1,0.0,0.0,0.0,100
 62,-12.34835,-46.59775,S 12 20 54.06,O 46 35 51.90,Taguatinga,1720903,TO,2458,0.0,0.0,5.7,0.0,0.0,2452.3,0.0,100
 63,-4.02878,-69.69786,S 4 1 43.61,O 69 41 52.30,Tabatinga,1304062,AM,3343,162.6,0.2,3031.1,96.0,0.0,1.3,52.0,100
 64,-11.06717,-56.77742,S 11 4 1.81,O 56 46 38.71,Tabaporã,5107941,MT,8231,2591.0,11.5,3393.7,0.0,0.0,2240.1,6.2,100
 65,-6.50222,-44.32649,S 6 30 7.99,O 44 19 35.36,Sucupira do Norte,2111904,MA,1087,0.0,0.0,0,0.0,0.0,1087.8,0.0,100
 66,-12.08831,-48.85414,S 12 5 17.92,O 48 51 14.90,Sucupira,1720853,TO,1030,0.0,0.0,0,0.0,0.0,1030.8,0.0,100
 67,-0.53599,-48.67721,S 0 32 9.56,O 48 40 37.96,Soure,1507904,PA,3528,34.7,0.0,168.4,91.1,0.0,2502.9,730.9,99
 68,-12.69331,-55.77741,S 12 41 35.92,O 55 46 38.68,Sorriso,5107925,MT,9349,3975.0,0.7,1254.9,0.0,0.0,4119.1,0.0,100
 69,-5.64773,-47.65314,S 5 38 51.83,O 47 39 11.30,Sítio Novo do Tocantins,1720804,TO,325,297.9,0.1,27.1,0.0,0.0,0.0,0.0,100
 70,-6.27437,-46.55403,S 6 16 27.73,O 46 33 14.51,Sítio Novo,2111805,MA,3141,59.1,0.2,18.8,0.0,0.0,3063.1,0.0,100
 71,-11.74201,-55.40265,S 11 44 31.24,O 55 24 9.54,Sinop,5107909,MT,3935,2489.6,5.3,1290.7,0.0,0.0,136.3,18.4,99
 72,-2.85099,-58.49614,S 2 51 3.56,O 58 29 46.10,Silves,1304005,AM,3758,436.2,0.7,2520.2,74.2,0.0,128.7,598.7,99
 73,-11.11331,-48.22351,S 11 6 47.92,O 48 13 24.64,Silvanópolis,1720655,TO,1268,0.0,0.0,0,0.0,0.0,1268.6,0.0,100
 74,-1.88674,-45.04397,S 1 53 12.26,O 45 2 38.29,Serrano do Maranhão,2111789,MA,1221,1101.9,0.1,22.9,80.2,0.0,2.3,13.7,100
 75,-12.06992,-51.31397,S 12 4 11.71,O 51 18 50.29,Serra Nova Dourada,5107883,MT,1491,340.1,4.0,188.2,0.0,0.0,962.7,0.0,100
 76,1.63998,-52.27148,N 1 38 23.93,O 52 16 17.33,Serra do Navio,1600055,AP,7762,72.2,0.1,1908.4,5772.3,0.0,0.0,9.1,100
 77,-11.88579,-63.10785,S 11 53 8.84,O 63 6 28.26,Seringueiras,1101500,RO,3821,1279.8,7.0,1845.7,0.5,0.0,695.0,0.0,99
 78,-5.31274,-47.07804,S 5 18 45.86,O 47 4 40.94,Senador La Rocque,2111763,MA,1247,1157.7,1.7,89.3,0.0,0.0,0.0,0.0,100
 79,-3.55820,-51.73873,S 3 33 29.52,O 51 44 19.43,Senador José Porfírio,1507805,PA,14389,873.3,58.5,12811.5,232.0,0.0,84.9,387.3,100
 80,-9.97788,-67.32124,S 9 58 40.37,O 67 19 16.46,Senador Guiomard,1200450,AC,2384,1702.9,5.0,681.1,0.0,0.0,0.0,0.0,100
 81,-9.77147,-69.33204,S 9 46 17.29,O 69 19 55.34,Sena Madureira,1200500,AC,24599,1853.2,43.3,22742.4,0.4,0.0,2.4,0.6,99
 82,-3.93889,-45.26408,S 3 56 20.00,O 45 15 50.69,Satubinha,2111722,MA,447,356.2,0.0,0,0.0,0.0,86.7,4.4,100
 83,-6.83358,-49.56823,S 6 50 0.89,O 49 34 5.63,Sapucaia,1507755,PA,1300,1158.7,0.9,141.3,0.0,0.0,0.0,0.0,100
 84,-12.96091,-58.60201,S 12 57 39.28,O 58 36 7.24,Sapezal,5107875,MT,13636,187.3,0.3,2852.3,0.0,0.0,10595.9,0.5,100
 85,-2.87304,-44.93268,S 2 52 22.94,O 44 55 57.65,São Vicente Ferrer,2111706,MA,393,296.1,0.0,0,0.0,0.0,97.8,0.0,100
 86,-11.77169,-48.22797,S 11 46 18.08,O 48 13 40.69,São Valério da Natividade,1720499,TO,2532,0.0,0.0,0,0.0,0.0,2532.2,0.0,100
 87,-1.89625,-58.81001,S 1 53 46.50,O 58 48 36.04,São Sebastião do Uatumã,1303957,AM,10776,216.8,1.7,8704.5,1163.2,0.0,65.7,625.8,100
 88,-5.24321,-48.32049,S 5 14 35.56,O 48 19 13.76,São Sebastião do Tocantins,1720309,TO,287,135.6,0.0,0,0.0,0.0,132.9,18.6,100
 89,-1.43102,-49.60420,S 1 25 51.67,O 49 36 15.12,São Sebastião da Boa Vista,1507706,PA,1636,123.8,0.0,595.2,626.0,0.0,175.1,115.9,99
 90,-12.54073,-48.35452,S 12 32 26.63,O 48 21 16.27,São Salvador do Tocantins,1720259,TO,1429,0.0,0.0,0.0,0.0,0.0,1429.0,0.0,100
 91,-5.02229,-45.02380,S 5 1 20.24,O 45 1 25.68,São Roberto,2111672,MA,229,229.7,0.0,0,0.0,0.0,0.0,0.0,100
 92,-5.10345,-45.06812,S 5 6 12.42,O 45 4 5.23,São Raimundo do Doca Bezerra,2111631,MA,284,280.2,0.0,3.8,0.0,0.0,0.0,0.0,100
 93,-7.05201,-45.66837,S 7 3 7.24,O 45 40 6.13,São Raimundo das Mangabeiras,2111607,MA,3555,0.0,0.0,0,0.0,0.0,3555.6,0.0,100
 94,-6.85028,-46.80829,S 6 51 1.01,O 46 48 29.84,São Pedro dos Crentes,2111573,MA,987,0.0,0.0,0,0.0,0.0,988.0,0.0,100
 95,-15.96819,-54.74813,S 15 58 5.48,O 54 44 53.27,São Pedro da Cipa,5107404,MT,343,305.8,0.0,6.2,0.0,0.0,31.0,0.0,100
 96,-5.13864,-48.34450,S 5 8 19.10,O 48 20 40.20,São Pedro da Água Branca,2111532,MA,725,454.4,0.0,40.4,0.0,0.0,208.0,22.2,100
 97,-4.73714,-69.52392,S 4 44 13.70,O 69 31 26.11,São Paulo de Olivença,1303908,AM,20467,180.1,0.3,16741.8,2871.0,0.0,86.3,587.8,100
 98,-5.54593,-47.56455,S 5 32 45.35,O 47 33 52.38,São Miguel do Tocantins,1720200,TO,400,341.0,0.8,42.0,0.0,0.0,4.2,12.8,100
 99,-11.62070,-62.70568,S 11 37 14.52,O 62 42 20.45,São Miguel do Guaporé,1100320,RO,8102,2178.9,5.2,4124.9,0.0,0.0,1798.2,0.0,99
 100,-1.55275,-47.62771,S 1 33 9.90,O 47 37 39.76,São Miguel do Guamá,1507607,PA,1117,886.9,1.6,147.8,34.9,0.0,15.2,32.2,99
 101,-3.98602,-44.50422,S 3 59 9.67,O 44 30 15.19,São Mateus do Maranhão,2111508,MA,793,461.2,0.3,215.9,0.0,0.0,106.9,9.0,100
 102,0.84851,-60.14343,N 0 50 54.64,O 60 8 36.35,São Luiz,1400605,RR,1537,575.4,4.2,958.1,1.4,0.0,0.0,2.1,100
 103,-4.37947,-44.64014,S 4 22 46.09,O 44 38 24.50,São Luís Gonzaga do Maranhão,2111409,MA,981,653.3,0.0,326.0,0.0,0.0,1.7,0.0,99
 104,-2.62711,-44.30617,S 2 37 37.60,O 44 18 22.21,São Luís,2111300,MA,839,374.4,1.1,149.6,23.9,0.0,0.0,291.1,100
 105,-15.53216,-58.33697,S 15 31 55.78,O 58 20 13.09,São José dos Quatro Marcos,5107107,MT,1284,1187.2,0.5,60.7,0.0,0.0,36.1,0.0,100
 106,-5.01499,-44.55154,S 5 0 53.96,O 44 33 5.54,São José dos Basílios,2111250,MA,366,276.5,1.4,76.8,0.0,0.0,0.0,12.7,100
 107,-10.68304,-52.63992,S 10 40 58.94,O 52 38 23.71,São José do Xingu,5107354,MT,7465,4339.8,11.8,2762.0,0.0,0.0,306.2,57.0,100
 108,-13.43601,-56.79362,S 13 26 9.64,O 56 47 37.03,São José do Rio Claro,5107305,MT,4563,1824.1,22.8,1633.2,0.0,0.0,1103.6,2.1,100
 109,-16.45731,-54.27559,S 16 27 26.32,O 54 16 32.12,São José do Povo,5107297,MT,443,27.4,0.0,0,0.0,0.0,416.1,0.0,100
 110,-2.59520,-44.09279,S 2 35 42.72,O 44 5 34.04,São José de Ribamar,2111201,MA,390,101.2,0.2,116.1,0.5,0.0,0.0,172.2,100
 111,-6.43988,-46.90735,S 6 26 23.57,O 46 54 26.46,São João do Paraíso,2111052,MA,2070,257.1,0.3,18.1,0.0,0.0,1794.8,0.0,100
 112,-3.59710,-46.53744,S 3 35 49.56,O 46 32 14.78,São João do Carú,2111029,MA,620,413.6,0.0,89.7,116.7,0.0,0.0,0.0,100
 113,-5.44170,-48.67711,S 5 26 30.12,O 48 40 37.60,São João do Araguaia,1507508,PA,1288,924.2,5.0,174.0,0.0,0.0,73.7,116.1,99
 114,-0.77509,-47.26758,S 0 46 30.32,O 47 16 3.29,São João de Pirabas,1507474,PA,703,207.8,3.3,327.4,73.5,0.0,12.9,81.4,99
 115,-0.86850,-47.96322,S 0 52 6.60,O 47 57 47.59,São João da Ponta,1507466,PA,197,108.3,0.6,42.5,33.2,0.0,1.7,11.3,99
 116,0.77051,-59.92018,N 0 46 13.84,O 59 55 12.65,São João da Baliza,1400506,RR,4305,536.8,3.5,3761.3,1.1,0.0,0.4,5.4,100
 117,-3.01337,-44.77539,S 3 0 48.13,O 44 46 31.40,São João Batista,2111003,MA,700,148.6,0.0,39.8,17.6,0.0,358.8,135.2,100
 118,-6.16889,-48.75597,S 6 10 8.00,O 48 45 21.49,São Geraldo do Araguaia,1507458,PA,3181,2497.5,0.7,340.2,0.0,0.0,314.1,29.2,99
 119,0.35952,-68.17017,N 0 21 34.27,O 68 10 12.61,São Gabriel da Cachoeira,1303809,AM,112476,1206.3,0.6,83916.5,25381.2,0.0,489.7,1482.3,100
 120,-1.20761,-47.74858,S 1 12 27.40,O 47 44 54.89,São Francisco do Pará,1507409,PA,480,417.4,0.1,36.7,24.5,0.0,1.3,0.1,99
 121,-12.38020,-62.94649,S 12 22 48.72,O 62 56 47.36,São Francisco do Guaporé,1101492,RO,11095,2508.7,10.7,5411.9,6.7,0.0,3144.7,23.0,100
 122,-5.16989,-47.32265,S 5 10 11.60,O 47 19 21.54,São Francisco do Brejão,2110856,MA,751,718.3,0.9,32.7,0.0,0.0,0.0,0.0,100
 123,-7.46114,-52.46225,S 7 27 40.10,O 52 27 44.10,São Félix do Xingu,1507300,PA,84253,17885.4,199.2,61429.4,211.2,0.0,3788.0,939.0,100
 124,-10.04361,-46.75224,S 10 2 37.00,O 46 45 8.06,São Félix do Tocantins,1720150,TO,1923,0.0,0.0,0,0.0,0.0,1923.4,0.0,100
 125,-11.47956,-52.50108,S 11 28 46.42,O 52 30 3.89,São Félix do Araguaia,5107859,MT,16851,4507.2,20.5,6102.2,0.0,0.0,6180.1,61.5,99
 126,-7.10735,-44.88571,S 7 6 26.46,O 44 53 8.56,São Félix de Balsas,2110807,MA,2057,0.0,0.0,12.5,0.0,0.0,2044.5,0.0,100
 127,-11.91634,-61.45463,S 11 54 58.82,O 61 27 16.67,São Felipe D'Oeste,1101484,RO,547,486.2,0.2,60.8,0.0,0.0,0.0,0.0,100
 128,-5.66656,-44.31635,S 5 39 59.62,O 44 18 58.86,São Domingos do Maranhão,2110708,MA,1168,851.9,8.8,223.8,0.0,0.0,92.3,0.0,100
 129,-1.92729,-47.75973,S 1 55 38.24,O 47 45 35.03,São Domingos do Capim,1507201,PA,1686,1339.9,1.8,216.7,78.3,0.0,15.2,35.9,99
 130,-6.84762,-44.59859,S 6 50 51.43,O 44 35 54.92,São Domingos do Azeitão,2110658,MA,974,0.0,0.0,0,0.0,0.0,974.2,0.0,100
 131,-5.68166,-48.73065,S 5 40 53.98,O 48 43 50.34,São Domingos do Araguaia,1507151,PA,1397,1290.3,0.9,106.7,0.0,0.0,0.0,0.0,100
 132,-0.82301,-48.03573,S 0 49 22.84,O 48 2 8.63,São Caetano de Odivelas,1507102,PA,752,232.5,0.2,134.4,62.8,0.0,8.8,313.5,100
 133,-5.94912,-47.79323,S 5 56 56.83,O 47 47 35.63,São Bento do Tocantins,1720101,TO,1112,351.1,0.2,76.2,0.0,0.0,684.7,0.0,99
 134,-2.78496,-44.93574,S 2 47 5.86,O 44 56 8.66,São Bento,2110500,MA,465,362.8,0.0,0.2,1.7,0.0,99.8,0.5,100
 135,-4.81280,-44.48090,S 4 48 46.08,O 44 28 51.24,Santo Antônio dos Lopes,2110302,MA,781,290.2,0.7,490.8,0.0,0.0,0.0,0.0,100
 136,-1.09607,-48.14127,S 1 5 45.85,O 48 8 28.57,Santo Antônio do Tauá,1507003,PA,540,324.8,0.2,91.9,19.6,0.0,6.8,96.9,100
 137,-16.48613,-55.26485,S 16 29 10.07,O 55 15 53.46,Santo Antônio do Leverger,5107800,MT,12262,1044.1,2.9,1096.7,0.0,0.0,10099.5,21.7,99
 138,-14.82013,-53.69196,S 14 49 12.47,O 53 41 31.06,Santo Antônio do Leste,5107792,MT,3597,2.1,0.0,64.7,0.0,0.0,3530.2,0.0,100
 139,-3.08079,-69.06723,S 3 4 50.84,O 69 4 2.03,Santo Antônio do Içá,1303700,AM,12737,139.6,0.1,9350.8,2704.9,0.0,90.4,451.3,99
 140,-14.44224,-57.21069,S 14 26 32.06,O 57 12 38.48,Santo Afonso,5107263,MT,1172,972.4,4.2,195.2,0.0,0.0,4.4,0.0,100
 141,-0.90151,-47.34586,S 0 54 5.44,O 47 20 45.10,Santarém Novo,1506906,PA,230,148.2,0.0,43.3,27.8,0.0,1.9,8.8,100
 142,-2.81346,-55.58935,S 2 48 48.46,O 55 35 21.66,Santarém,1506807,PA,22890,4708.3,54.3,12749.7,880.7,0.0,663.5,3887.8,100
 143,-9.27666,-50.54546,S 9 16 35.98,O 50 32 43.66,Santana do Araguaia,1506708,PA,11609,7203.7,16.6,3532.0,0.0,0.0,808.4,64.9,99
 144,0.17769,-51.42352,N 0 10 39.68,O 51 25 24.67,Santana,1600600,AP,1578,75.3,0.0,475.5,42.9,0.0,940.0,44.3,100
 145,-6.48483,-47.76416,S 6 29 5.39,O 47 45 50.98,Santa Terezinha do Tocantins,1720002,TO,271,73.4,0.0,24.6,0.0,0.0,173.0,0.0,100
 146,-10.28750,-50.98703,S 10 17 15.00,O 50 59 13.31,Santa Terezinha,5107776,MT,6459,2597.2,7.3,2570.9,0.0,0.0,1243.7,47.2,100
 147,-10.29171,-47.74599,S 10 17 30.16,O 47 44 45.56,Santa Tereza do Tocantins,1719004,TO,543,0.0,0.0,0,0.0,0.0,543.7,0.0,100
 148,-11.41267,-48.13864,S 11 24 45.61,O 48 8 19.10,Santa Rosa do Tocantins,1718907,TO,1804,0.0,0.0,0,0.0,0.0,1804.1,0.0,100
 149,-9.51622,-70.29089,S 9 30 58.39,O 70 17 27.20,Santa Rosa do Purus,1200435,AC,6350,88.8,2.3,6225.4,0.8,0.0,0.1,34.9,100
 150,-13.78307,-55.28772,S 13 46 59.05,O 55 17 15.79,Santa Rita do Trivelato,5107768,MT,4756,674.8,0.4,674.1,0.0,0.0,3407.1,0.0,100
 151,-10.96311,-49.32012,S 10 57 47.20,O 49 19 12.43,Santa Rita do Tocantins,1718899,TO,3285,23.2,2.4,14.6,0.0,0.0,3247.0,0.2,100
 152,-3.15407,-44.33057,S 3 9 14.65,O 44 19 50.05,Santa Rita,2110203,MA,718,254.3,2.2,271.8,1.5,0.0,168.6,21.8,100
 153,-8.80099,-47.89796,S 8 48 3.56,O 47 53 52.66,Santa Maria do Tocantins,1718881,TO,1419,0.0,0.0,0,0.0,0.0,1410.6,9.3,100
 154,-1.36579,-47.53045,S 1 21 56.84,O 47 31 49.62,Santa Maria do Pará,1506609,PA,460,415.3,0.1,31.8,12.9,0.0,0.0,0.0,99
 155,-8.64175,-50.39224,S 8 38 30.30,O 50 23 32.06,Santa Maria das Barreiras,1506583,PA,10351,5901.5,13.3,1891.6,0.0,0.0,2508.9,49.0,99
 156,-2.52815,-45.77625,S 2 31 41.34,O 45 46 34.50,Santa Luzia do Paruá,2110039,MA,908,864.2,0.0,2.3,11.0,0.0,30.5,0.0,100
 157,-1.72515,-46.89921,S 1 43 30.54,O 46 53 57.16,Santa Luzia do Pará,1506559,PA,1367,1249.9,0.0,114.1,3.0,0.0,0.0,0.0,100
 158,-12.14230,-61.72946,S 12 8 32.28,O 61 43 46.06,Santa Luzia D'Oeste,1100296,RO,1207,978.2,0.6,228.8,0.0,0.0,0.0,0.0,100
 159,-4.29175,-45.93682,S 4 17 30.30,O 45 56 12.55,Santa Luzia,2110005,MA,6245,5720.8,1.7,320.1,204.1,0.0,0.0,0.0,100
 160,-0.25129,-64.98731,S 0 15 4.64,O 64 59 14.32,Santa Isabel do Rio Negro,1303601,AM,64130,218.3,0.5,57760.7,4571.9,0.0,950.8,628.3,100
 161,-1.36752,-48.12871,S 1 22 3.07,O 48 7 43.36,Santa Isabel do Pará,1506500,PA,720,534.7,0.5,130.0,30.4,0.0,4.1,20.8,100
 162,-3.85236,-45.42994,S 3 51 8.50,O 45 25 47.78,Santa Inês,2109908,MA,778,766.3,0.0,0,0.0,0.0,8.6,3.5,100
 163,-2.46946,-45.53681,S 2 28 10.06,O 45 32 12.52,Santa Helena,2109809,MA,2335,1419.1,0.1,59.6,119.1,0.0,629.3,107.9,100
 164,-5.49785,-44.60715,S 5 29 52.26,O 44 36 25.74,Santa Filomena do Maranhão,2109759,MA,408,57.0,0.0,11.7,0.0,0.0,339.3,0.0,100
 165,-7.04070,-49.04623,S 7 2 26.52,O 49 2 46.43,Santa Fé do Araguaia,1718865,TO,1683,1266.8,0.1,356.5,0.4,0.0,0.0,59.3,99
 166,-10.04129,-52.55143,S 10 2 28.64,O 52 33 5.15,Santa Cruz do Xingu,5107743,MT,5627,1365.7,3.8,2574.3,0.0,0.0,1621.6,65.4,100
 167,-0.55415,-49.32373,S 0 33 14.94,O 49 19 25.43,Santa Cruz do Arari,1506401,PA,1078,0.0,0.0,4.6,1.1,0.0,1044.1,28.2,100
 168,-11.94664,-54.84224,S 11 56 47.90,O 54 50 32.06,Santa Carmem,5107248,MT,3836,1507.9,7.6,2328.1,0.0,0.0,0.0,0.0,100
 169,-1.19187,-48.23730,S 1 11 30.73,O 48 14 14.28,Santa Bárbara do Pará,1506351,PA,279,159.8,0.1,78.2,21.4,0.0,0.0,19.6,100
 170,-12.38825,-49.85725,S 12 23 17.70,O 49 51 26.10,Sandolândia,1718840,TO,3536,6.8,0.0,73.5,0.0,0.0,3440.9,14.8,100
 171,-5.34123,-47.90444,S 5 20 28.43,O 47 54 15.98,Sampaio,1718808,TO,223,75.8,0.1,11.2,0.0,0.0,123.4,12.6,100
 172,-7.39798,-45.56971,S 7 23 52.73,O 45 34 10.96,Sambaíba,2109700,MA,2509,0.0,0.0,31.9,0.0,0.0,2477.1,0.0,100
 173,-0.81267,-48.58165,S 0 48 45.61,O 48 34 53.94,Salvaterra,1506302,PA,1048,113.9,0.1,115.0,86.1,0.0,433.3,299.7,100
 174,-15.00229,-58.17210,S 15 0 8.24,O 58 10 19.56,Salto do Céu,5107750,MT,1776,1350.8,0.1,373.4,0.0,0.0,51.7,0.1,100
 175,-0.70803,-47.35142,S 0 42 28.91,O 47 21 5.11,Salinópolis,1506203,PA,219,32.4,1.2,99.0,56.2,0.0,10.5,20.9,99
 176,-4.19980,-55.32309,S 4 11 59.28,O 55 19 23.12,Rurópolis,1506195,PA,7025,1930.1,30.9,5040.6,6.5,0.0,0.0,47.8,99
 177,-14.86180,-56.25158,S 14 51 42.48,O 56 15 5.69,Rosário Oeste,5107701,MT,7493,65.9,0.2,23.1,0.0,0.0,7395.0,9.0,100
 178,-2.95700,-44.20370,S 2 57 25.20,O 44 12 13.32,Rosário,2109601,MA,695,96.9,0.9,498.4,5.3,0.0,0.0,94.4,99
 179,-0.21598,-61.06008,S 0 12 57.53,O 61 3 36.29,Rorainópolis,1400472,RR,33847,1175.4,23.5,24411.2,46.7,0.0,7642.4,571.3,100
 180,-16.57097,-54.71462,S 16 34 15.49,O 54 42 52.63,Rondonópolis,5107602,MT,4168,828.2,0.9,268.5,0.0,0.0,3065.7,5.6,99
 181,-4.48141,-48.46332,S 4 28 53.08,O 48 27 47.95,Rondon do Pará,1506187,PA,8286,5526.1,18.9,2759.9,0.0,0.0,0.0,0.0,100
 182,-10.31416,-61.08724,S 10 18 50.98,O 61 5 14.06,Rondolândia,5107578,MT,12743,1928.2,2.4,10738.2,0.0,0.0,52.2,24.4,99
 183,-11.74031,-61.75168,S 11 44 25.12,O 61 45 6.05,Rolim de Moura,1100288,RO,1471,1323.6,0.3,147.4,0.0,0.0,0.0,0.0,100
 184,-7.85728,-73.21253,S 7 51 26.21,O 73 12 45.11,Rodrigues Alves,1200427,AC,3246,498.3,2.6,2698.6,48.4,0.0,0.7,0.0,99
 185,-9.64454,-47.48905,S 9 38 40.34,O 47 29 20.58,Rio Sono,1718758,TO,6394,0.0,0.0,1.9,0.0,0.0,6392.1,0.0,100
 186,-2.50853,-59.60122,S 2 30 30.71,O 59 36 4.39,Rio Preto da Eva,1303569,AM,5838,576.9,1.6,5227.6,23.2,0.0,0.0,10.3,100
 187,-7.36998,-50.10481,S 7 22 11.93,O 50 6 17.32,Rio Maria,1506161,PA,4122,3393.4,4.8,592.5,0.0,0.0,128.6,7.5,99
 188,-9.23883,-48.44890,S 9 14 19.79,O 48 26 56.04,Rio dos Bois,1718709,TO,848,17.8,0.0,0.2,0.0,0.0,828.1,1.9,99
 189,-11.30829,-46.75129,S 11 18 29.84,O 46 45 4.64,Rio da Conceição,1718659,TO,793,0.0,0.0,7.1,0.0,0.0,785.9,0.0,100
 190,-9.68593,-62.83526,S 9 41 9.35,O 62 50 6.94,Rio Crespo,1100262,RO,1741,1085.7,8.8,632.0,0.0,0.0,23.3,0.0,100
 191,-9.99527,-68.15925,S 9 59 42.97,O 68 9 33.30,Rio Branco,1200401,AC,9113,2681.5,31.3,6431.0,0.4,0.0,0.0,0.1,99
 192,-15.28141,-58.15176,S 15 16 53.08,O 58 9 6.34,Rio Branco,5107206,MT,529,446.0,0.1,10.8,0.0,0.0,72.2,0.0,100
 193,-16.45789,-52.72888,S 16 27 28.40,O 52 43 43.97,Ribeirãozinho,5107198,MT,623,0.0,0.0,4.3,0.0,0.0,618.7,0.0,100
 194,-12.88015,-51.58000,S 12 52 48.54,O 51 34 48.00,Ribeirão Cascalheira,5107180,MT,11364,1649.4,13.0,1759.7,0.0,0.0,7938.9,16.0,99
 195,-5.96305,-47.31957,S 5 57 46.98,O 47 19 10.45,Ribamar Fiquene,2109551,MA,755,436.6,0.1,58.2,0.0,0.0,244.7,15.5,99
 196,-6.47515,-48.08881,S 6 28 30.54,O 48 5 19.72,Riachinho,1718550,TO,520,444.0,0.8,57.2,0.0,0.0,18.8,0.0,100
 197,-7.74682,-46.62671,S 7 44 48.55,O 46 37 36.16,Riachão,2109502,MA,6422,0.0,0.0,0,0.0,0.0,6422.7,0.0,100
 198,-14.93381,-58.50079,S 14 56 1.72,O 58 30 2.84,Reserva do Cabaçal,5107156,MT,1342,314.7,4.2,317.4,0.0,0.0,709.9,0.0,100
 199,-8.05636,-50.21305,S 8 3 22.90,O 50 12 46.98,Redenção,1506138,PA,3830,2662.1,0.2,462.9,0.0,0.0,705.0,0.0,100
 200,-8.69697,-47.11093,S 8 41 49.09,O 47 6 39.35,Recursolândia,1718501,TO,2230,38.7,0.2,90.4,0.0,0.0,2100.9,0.0,100
 201,-2.41702,-44.04998,S 2 25 1.27,O 44 2 59.93,Raposa,2109452,MA,64,14.8,0.0,40.8,0.0,0.0,0.7,7.7,100
 202,-12.23430,-52.70840,S 12 14 3.48,O 52 42 30.24,Querência,5107065,MT,17854,5148.0,18.4,10351.5,0.0,0.0,2273.5,81.0,99
 203,-0.74831,-47.02402,S 0 44 53.92,O 47 1 26.47,Quatipuru,1506112,PA,326,81.6,1.2,122.2,38.6,0.0,24.9,58.7,100
 204,-10.42056,-48.86192,S 10 25 14.02,O 48 51 42.91,Pugmil,1718451,TO,403,0.0,0.0,0,0.0,0.0,403.3,0.0,100
 205,-15.12711,-54.21448,S 15 7 37.60,O 54 12 52.13,Primavera do Leste,5107040,MT,5473,0.7,0.0,17.1,0.0,0.0,5455.2,0.0,99
 206,-11.90772,-61.30165,S 11 54 27.79,O 61 18 5.94,Primavera de Rondônia,1101476,RO,610,423.4,0.2,92.5,0.0,0.0,93.6,0.5,99
 207,-0.93652,-47.15277,S 0 56 11.47,O 47 9 9.97,Primavera,1506104,PA,261,178.7,0.5,62.7,2.3,0.0,9.3,8.0,99
 208,-2.59087,-45.34959,S 2 35 27.13,O 45 20 58.52,Presidente Sarney,2109270,MA,732,568.0,0.0,33.7,45.5,0.0,82.1,2.7,100
 209,-11.19374,-61.84743,S 11 11 37.46,O 61 50 50.75,Presidente Médici,1100254,RO,1773,1607.5,0.3,138.4,0.0,0.0,17.6,9.5,100
 210,-2.30799,-45.76410,S 2 18 28.76,O 45 45 50.76,Presidente Médici,2109239,MA,441,440.3,0.0,0.7,0.0,0.0,0.0,0.0,100
 211,-8.46487,-48.47690,S 8 27 53.53,O 48 28 36.84,Presidente Kennedy,1718402,TO,774,341.7,0.2,101.6,0.0,0.0,330.7,0.0,100
 212,-3.09801,-44.06306,S 3 5 52.84,O 44 3 47.02,Presidente Juscelino,2109205,MA,360,66.1,0.4,251.5,6.6,0.0,33.3,2.5,99
 213,-0.65847,-60.17004,S 0 39 30.49,O 60 10 12.14,Presidente Figueiredo,1303536,AM,25568,752.9,7.3,21162.0,230.2,0.0,1.1,3421.8,99
 214,-5.28901,-44.46201,S 5 17 20.44,O 44 27 43.24,Presidente Dutra,2109106,MA,805,735.2,2.2,69.6,0.0,0.0,0.1,0.1,100
 215,-1.91814,-53.45330,S 1 55 5.30,O 53 27 11.88,Prainha,1506005,PA,14785,1765.4,55.1,7544.8,959.3,0.0,2964.4,1551.1,99
 216,-5.48850,-47.78580,S 5 29 18.60,O 47 47 8.88,Praia Norte,1718303,TO,291,230.2,2.0,22.0,0.0,0.0,29.5,9.3,100
 217,1.61009,-50.73654,N 1 36 36.32,O 50 44 11.54,Pracuúba,1600550,AP,4965,83.0,1.0,1170.0,2466.9,0.0,1176.0,69.1,100
 218,-15.80816,-54.25666,S 15 48 29.38,O 54 15 23.98,Poxoréo,5107008,MT,6922,1857.0,1.1,92.2,0.0,0.0,4972.8,0.0,100
 219,-8.45223,-72.76651,S 8 27 8.03,O 72 45 59.44,Porto Walter,1200393,AC,6661,208.3,1.5,6125.6,324.1,0.0,3.0,0.0,100
 220,-8.98448,-63.99115,S 8 59 4.13,O 63 59 28.14,Porto Velho,1100205,RO,34631,9147.4,289.2,23631.8,668.8,0.0,431.9,751.1,100
 221,-1.83139,-44.61413,S 1 49 53.00,O 44 36 50.87,Porto Rico do Maranhão,2109056,MA,211,118.0,0.0,63.4,19.6,0.0,0.5,9.5,100
 222,-10.54819,-48.54647,S 10 32 53.48,O 48 32 47.29,Porto Nacional,1718204,TO,4472,0.0,0.0,0,0.0,0.0,4441.5,31.6,100
 223,0.61343,-51.72370,N 0 36 48.35,O 51 43 25.32,Porto Grande,1600535,AP,4407,360.0,0.6,2220.7,1167.1,0.0,639.8,19.4,100
 224,-6.38380,-47.26834,S 6 23 1.68,O 47 16 6.02,Porto Franco,2109007,MA,1427,570.3,2.0,80.4,0.0,0.0,760.7,15.6,99
 225,-15.53200,-57.21942,S 15 31 55.20,O 57 13 9.91,Porto Estrela,5106851,MT,2068,380.9,0.1,224.7,0.0,0.0,1462.4,0.0,100
 226,-15.88800,-58.84338,S 15 53 16.80,O 58 50 36.17,Porto Esperidião,5106828,MT,5833,382.3,4.0,205.6,3.6,0.0,5241.5,0.0,99
 227,-11.77239,-56.69871,S 11 46 20.60,O 56 41 55.36,Porto dos Gaúchos,5106802,MT,7048,3071.4,31.1,3905.1,0.0,0.0,48.5,23.0,100
 228,-2.16678,-52.59636,S 2 10 0.41,O 52 35 46.90,Porto de Moz,1505908,PA,17427,1043.8,21.7,8960.6,2833.2,0.0,3135.6,1453.8,100
 229,-11.54951,-47.06587,S 11 32 58.24,O 47 3 57.13,Porto Alegre do Tocantins,1718006,TO,505,0.0,0.0,0,0.0,0.0,505.6,0.0,100
 230,-10.76429,-51.59043,S 10 45 51.44,O 51 35 25.55,Porto Alegre do Norte,5106778,MT,3982,886.1,3.8,650.0,0.0,0.0,2445.9,0.0,99
 231,-9.63535,-67.65836,S 9 38 7.26,O 67 39 30.10,Porto Acre,1200807,AC,2703,1308.7,8.3,1349.0,45.3,0.0,0.0,0.0,100
 232,-2.62095,-50.99664,S 2 37 15.42,O 50 59 47.90,Portel,1505809,PA,25425,1730.2,109.2,17364.8,5098.2,0.0,385.9,845.9,100
 233,-15.42892,-59.30169,S 15 25 44.11,O 59 18 6.08,Pontes e Lacerda,5106752,MT,8639,3885.7,2.2,1428.0,2.5,0.0,3322.8,0.0,100
 234,-16.66906,-52.92828,S 16 40 8.62,O 52 55 41.81,Ponte Branca,5106703,MT,687,0.0,0.0,1.2,0.0,0.0,685.8,0.0,100
 235,-10.75250,-47.37027,S 10 45 9.00,O 47 22 12.97,Ponte Alta do Tocantins,1717909,TO,6534,0.0,0.0,0,0.0,0.0,6524.1,10.1,100
 236,-12.06651,-46.57578,S 12 3 59.44,O 46 34 32.81,Ponte Alta do Bom Jesus,1717800,TO,1818,0.0,0.0,2.2,0.0,0.0,1815.8,0.0,100
 237,-15.91634,-52.66330,S 15 54 58.82,O 52 39 47.88,Pontal do Araguaia,5106653,MT,2755,0.0,0.0,1.8,0.0,0.0,2742.9,10.3,100
 238,-1.10948,-49.06293,S 1 6 34.13,O 49 3 46.55,Ponta de Pedras,1505700,PA,3378,52.3,0.0,472.5,136.2,0.0,2254.4,462.6,100
 239,-16.79972,-56.96679,S 16 47 58.99,O 56 58 0.44,Poconé,5106505,MT,17283,80.2,0.0,947.9,0.0,0.0,15557.9,697.0,99
 240,-4.77098,-44.80380,S 4 46 15.53,O 44 48 13.68,Poção de Pedras,2108900,MA,663,589.8,0.0,73.0,0.0,0.0,0.2,0.0,100
 241,-14.54069,-54.66187,S 14 32 26.48,O 54 39 42.73,Planalto da Serra,5106455,MT,2452,552.2,0.3,44.0,0.0,0.0,1855.8,0.0,100
 242,-10.24035,-67.25291,S 10 14 25.26,O 67 15 10.48,Plácido de Castro,1200385,AC,1988,1457.9,5.5,530.1,0.0,0.0,0.0,0.0,100
 243,-3.91426,-54.44242,S 3 54 51.34,O 54 26 32.71,Placas,1505650,PA,7173,2034.1,88.9,5129.9,8.8,0.0,0.1,0.1,100
 244,-9.94502,-50.02240,S 9 56 42.07,O 50 1 20.64,Pium,1717503,TO,10035,34.6,0.0,1668.7,0.0,0.0,8080.3,251.4,100
 245,-6.73454,-48.25245,S 6 44 4.34,O 48 15 8.82,Piraquê,1717206,TO,1374,1099.7,1.1,201.5,0.0,0.0,72.8,0.0,100
 246,-3.77524,-44.16935,S 3 46 30.86,O 44 10 9.66,Pirapemas,2108801,MA,698,286.0,0.6,402.3,9.7,0.0,0.0,0.0,100
 247,-3.87120,-45.08068,S 3 52 16.32,O 45 4 50.45,Pio XII,2108702,MA,550,479.0,0.0,0,0.0,0.0,48.0,23.6,100
 248,-2.49468,-45.14562,S 2 29 40.85,O 45 8 44.23,Pinheiro,2108603,MA,1482,876.8,0.4,34.5,50.5,0.0,414.3,105.9,100
 249,-11.19560,-47.57902,S 11 11 44.16,O 47 34 44.47,Pindorama do Tocantins,1717008,TO,1567,0.0,0.0,0,0.0,0.0,1567.4,0.0,100
 250,-3.70490,-45.47687,S 3 42 17.64,O 45 28 36.73,Pindaré-Mirim,2108504,MA,275,202.4,0.0,0,0.0,0.0,52.8,20.0,100
 251,-13.01054,-61.73586,S 13 0 37.94,O 61 44 9.10,Pimenteiras do Oeste,1101468,RO,6065,1277.3,4.4,2335.5,0.0,0.0,2429.1,23.1,99
 252,-11.86216,-60.80891,S 11 51 43.78,O 60 48 32.08,Pimenta Bueno,1100189,RO,6280,2429.8,6.5,2798.3,0.0,0.0,1046.7,5.2,100
 253,-6.55226,-48.99483,S 6 33 8.14,O 48 59 41.39,Piçarra,1505635,PA,3322,2918.5,3.1,336.9,2.7,0.0,0.0,63.9,99
 254,-4.41293,-44.28022,S 4 24 46.55,O 44 16 48.79,Peritoró,2108454,MA,836,255.4,1.3,580.6,0.0,0.0,0.0,0.0,100
 255,-2.56371,-44.91918,S 2 33 49.36,O 44 55 9.05,Peri Mirim,2108405,MA,409,245.9,0.0,7.2,28.8,0.0,126.3,0.8,100
 256,-8.39954,-48.91318,S 8 23 58.34,O 48 54 47.45,Pequizeiro,1716653,TO,1213,844.7,0.0,65.4,0.0,0.0,302.9,0.0,100
 257,-3.26603,-45.29065,S 3 15 57.71,O 45 17 26.34,Penalva,2108306,MA,792,488.0,0.2,6.7,20.2,0.0,154.7,122.4,100
 258,-10.19363,-53.56314,S 10 11 37.07,O 53 33 47.30,Peixoto de Azevedo,5106422,MT,14400,3521.7,37.3,9634.5,0.0,0.0,1172.8,71.0,100
 259,-1.12505,-47.27210,S 1 7 30.18,O 47 16 19.56,Peixe-Boi,1505601,PA,454,361.1,1.6,62.8,9.3,0.0,17.1,3.7,100
 260,-11.93015,-48.58893,S 11 55 48.54,O 48 35 20.15,Peixe,1716604,TO,5315,0.0,0.0,0,0.0,0.0,5316.3,0.0,100
 261,-2.98836,-45.42901,S 2 59 18.10,O 45 25 44.44,Pedro do Rosário,2108256,MA,1770,1676.0,0.7,6.2,18.4,0.0,69.4,0.0,100
 262,-9.20402,-48.00201,S 9 12 14.47,O 48 0 7.24,Pedro Afonso,1716505,TO,2021,27.5,0.3,24.4,0.0,0.0,1949.5,19.6,100
 263,-4.65613,-44.54994,S 4 39 22.07,O 44 32 59.78,Pedreiras,2108207,MA,292,180.6,0.0,111.4,0.0,0.0,0.0,0.0,100
 264,-16.78964,-54.25143,S 16 47 22.70,O 54 15 5.15,Pedra Preta,5106372,MT,4107,20.7,0.0,1.3,0.0,0.0,4085.0,0.0,99
 265,1.23247,-52.68673,N 1 13 56.89,O 52 41 12.23,Pedra Branca do Amapari,1600154,AP,9495,241.2,1.1,3766.1,5483.5,0.0,0.0,4.2,99
 266,-4.52984,-45.38584,S 4 31 47.42,O 45 23 9.02,Paulo Ramos,2108108,MA,1063,1064.0,0.0,0,0.0,0.0,0.0,0.0,100
 267,-7.76452,-68.19675,S 7 45 52.27,O 68 11 48.30,Pauini,1303502,AM,42877,256.1,6.6,42213.6,121.8,0.0,23.7,261.8,100
 268,-7.72486,-50.13413,S 7 43 29.50,O 50 8 2.87,Pau D'Arco,1505551,PA,1674,937.5,0.6,324.8,0.0,0.0,411.7,0.0,99
 269,-7.55219,-48.99658,S 7 33 7.88,O 48 59 47.69,Pau D'Arco,1716307,TO,1381,1131.5,0.5,132.3,0.0,0.0,83.7,33.5,100
 270,-6.65188,-44.20576,S 6 39 6.77,O 44 12 20.74,Pastos Bons,2108009,MA,1660,0.0,0.0,215.2,0.0,0.0,1444.8,0.0,100
 271,-2.78735,-56.68566,S 2 47 14.46,O 56 41 8.38,Parintins,1303403,AM,5958,980.6,3.2,1542.6,20.4,0.0,1133.2,2281.2,100
 272,-12.31290,-61.42854,S 12 18 46.44,O 61 25 42.74,Parecis,1101450,RO,2568,1167.5,5.0,917.1,0.0,0.0,483.0,0.4,100
 273,-6.19825,-50.43010,S 6 11 53.70,O 50 25 48.36,Parauapebas,1505536,PA,6968,1316.7,1.9,4322.9,1241.0,0.0,85.6,1.8,100
 274,-13.33915,-54.28420,S 13 20 20.94,O 54 17 3.12,Paranatinga,5106307,MT,24181,2613.2,19.7,4911.9,0.0,0.0,16647.8,8.1,100
 275,-9.56444,-56.64537,S 9 33 51.98,O 56 38 43.33,Paranaíta,5106299,MT,4800,2313.6,18.5,2398.1,0.0,0.0,31.4,56.9,100
 276,-12.75266,-47.78602,S 12 45 9.58,O 47 47 9.67,Paranã,1716208,TO,11321,0.0,0.0,9.5,0.0,0.0,11311.5,0.0,100
 277,-10.21749,-48.86516,S 10 13 2.96,O 48 51 54.58,Paraíso do Tocantins,1716109,TO,1274,0.0,0.0,0.2,0.0,0.0,1273.8,0.0,100
 278,-3.12356,-47.40354,S 3 7 24.82,O 47 24 12.74,Paragominas,1505502,PA,19465,8733.7,24.2,9587.8,1100.4,0.0,7.1,36.0,100
 279,-13.04147,-48.33067,S 13 2 29.29,O 48 19 50.41,Palmeirópolis,1715754,TO,1710,0.0,0.0,5.0,0.0,0.0,1705.0,0.0,100
 280,-6.58530,-47.65715,S 6 35 7.08,O 47 39 25.74,Palmeiras do Tocantins,1713809,TO,751,58.5,0.1,22.2,0.0,0.0,669.1,1.2,100
 281,-7.84587,-48.17500,S 7 50 45.13,O 48 10 30.00,Palmeirante,1715705,TO,2654,103.7,0.0,13.1,0.0,0.0,2523.5,13.7,100
 282,-2.68960,-44.98717,S 2 41 22.56,O 44 59 13.81,Palmeirândia,2107605,MA,532,440.5,0.0,5.0,6.2,0.0,58.0,22.3,100
 283,-10.18871,-48.11134,S 10 11 19.36,O 48 6 40.82,Palmas,1721000,TO,2227,0.0,0.0,0,0.0,0.0,2205.0,22.6,100
 284,-5.90983,-48.35503,S 5 54 35.39,O 48 21 18.11,Palestina do Pará,1505494,PA,985,823.0,1.2,136.1,0.0,0.0,0.3,25.6,100
 285,-2.50434,-44.11948,S 2 30 15.62,O 44 7 10.13,Paço do Lumiar,2107506,MA,134,78.3,1.0,46.0,1.1,0.0,0.0,8.6,99
 286,4.16686,-60.88685,N 4 10 0.70,O 60 53 12.66,Pacaraima,1400456,RR,8083,76.2,0.1,1547.4,180.2,0.0,6264.1,15.1,100
 287,-3.69969,-50.60258,S 3 41 58.88,O 50 36 9.29,Pacajá,1505486,PA,11851,5467.6,165.8,5762.2,621.2,0.0,0.0,0.0,99
 288,-10.50782,-62.01015,S 10 30 28.15,O 62 0 36.54,Ouro Preto do Oeste,1100155,RO,1990,1744.5,0.3,228.4,0.0,0.0,15.9,1.2,100
 289,-7.48419,-51.51165,S 7 29 3.08,O 51 30 41.94,Ourilândia do Norte,1505437,PA,14357,1691.9,5.2,9462.9,29.2,0.0,3169.4,3.6,100
 290,-1.48763,-47.12672,S 1 29 15.47,O 47 7 36.19,Ourém,1505403,PA,565,498.5,0.3,62.8,2.0,0.0,1.4,0.3,100
 291,0.26778,-57.52249,N 0 16 4.01,O 57 31 20.96,Oriximiná,1505304,PA,107782,1528.0,13.2,99553.0,1295.8,0.0,3636.6,1768.6,100
 292,-10.65995,-48.87706,S 10 39 35.82,O 48 52 37.42,Oliveira de Fátima,1715507,TO,207,0.0,0.0,0,0.0,0.0,207.3,0.0,100
 293,-2.98224,-45.01131,S 2 58 56.06,O 45 0 40.72,Olinda Nova do Maranhão,2107456,MA,200,184.3,0.0,-0.0,0.1,0.0,1.4,14.2,100
 294,-4.12269,-45.12432,S 4 7 21.68,O 45 7 27.55,Olho d'Água das Cunhãs,2107407,MA,704,704.6,0.0,0,0.0,0.0,0.0,0.0,100
 295,3.18951,-51.77858,N 3 11 22.24,O 51 46 42.89,Oiapoque,1600501,AP,22642,212.1,1.3,10233.2,8169.6,0.0,3899.9,127.2,100
 296,-2.38582,-49.92558,S 2 23 8.95,O 49 55 32.09,Oeiras do Pará,1505205,PA,3863,769.4,2.0,1605.6,816.3,0.0,377.7,294.0,100
 297,0.07317,-55.75937,N 0 4 23.41,O 55 45 33.73,Óbidos,1505106,PA,28031,1891.6,13.1,19465.1,727.3,0.0,4595.5,1351.5,99
 298,-15.06182,-53.19360,S 15 3 42.55,O 53 11 36.96,Novo São Joaquim,5106281,MT,5022,1.1,0.0,118.4,0.0,0.0,4900.3,2.2,100
 299,-12.32775,-50.97263,S 12 19 39.90,O 50 58 21.47,Novo Santo Antônio,5106315,MT,4375,228.4,6.3,457.6,0.0,0.0,3593.3,95.7,100
 300,-4.52485,-50.19409,S 4 31 29.46,O 50 11 38.72,Novo Repartimento,1505064,PA,15432,7607.4,73.8,4684.9,1970.6,0.0,1.0,1168.1,100
 301,-7.90803,-55.59552,S 7 54 28.91,O 55 35 43.87,Novo Progresso,1505031,PA,38183,5892.6,169.3,28743.2,15.2,0.0,3457.3,74.7,100
 302,-9.81601,-55.35469,S 9 48 57.64,O 55 21 16.88,Novo Mundo,5106265,MT,5803,2546.9,22.5,2701.0,0.7,0.0,536.1,18.3,100
 303,-11.80783,-46.65389,S 11 48 28.19,O 46 39 14.00,Novo Jardim,1715259,TO,1321,0.0,0.0,3.0,0.0,0.0,1318.0,0.0,100
 304,-11.68822,-62.08450,S 11 41 17.59,O 62 5 4.20,Novo Horizonte do Oeste,1100502,RO,852,745.5,0.9,101.9,0.0,0.0,4.6,0.0,100
 305,-11.39761,-57.27370,S 11 23 51.40,O 57 16 25.32,Novo Horizonte do Norte,5106273,MT,909,705.4,0.4,196.3,0.0,0.0,0.0,7.3,99
 306,-6.83379,-60.23604,S 6 50 1.64,O 60 14 9.74,Novo Aripuanã,1303304,AM,41452,1055.2,53.4,38021.5,12.5,0.0,1620.2,742.6,100
 307,-12.88746,-46.58528,S 12 53 14.86,O 46 35 7.01,Novo Alegre,1715150,TO,201,0.0,0.0,43.9,0.0,0.0,157.1,0.0,100
 308,-1.51628,-61.51599,S 1 30 58.61,O 61 30 57.56,Novo Airão,1303205,AM,38114,120.9,0.6,35983.1,439.4,0.0,211.9,1358.7,100
 309,-10.15926,-47.24617,S 10 9 33.34,O 47 14 46.21,Novo Acordo,1715101,TO,2686,0.0,0.0,0,0.0,0.0,2686.9,0.0,100
 310,-14.67392,-52.44154,S 14 40 26.11,O 52 26 29.54,Nova Xavantina,5106257,MT,5527,787.3,0.0,270.2,0.0,0.0,4443.3,26.2,99
 311,-10.89106,-62.52925,S 10 53 27.82,O 62 31 45.30,Nova União,1101435,RO,815,699.6,0.2,111.4,0.0,0.0,4.0,0.0,100
 312,-12.96602,-54.87016,S 12 57 57.67,O 54 52 12.58,Nova Ubiratã,5106240,MT,12694,4388.8,28.1,5512.2,0.0,0.0,2792.5,0.5,99
 313,-1.16917,-47.40530,S 1 10 9.01,O 47 24 19.08,Nova Timboteua,1505007,PA,492,377.5,0.3,68.3,22.7,0.0,19.5,4.0,99
 314,-10.91215,-55.03085,S 10 54 43.74,O 55 1 51.06,Nova Santa Helena,5106190,MT,2346,1343.2,1.9,1001.7,0.0,0.0,1.1,0.0,100
 315,-10.52683,-48.99716,S 10 31 36.59,O 48 59 49.78,Nova Rosalândia,1715002,TO,518,0.0,0.0,0,0.0,0.0,518.4,0.0,100
 316,-4.02487,-58.58633,S 4 1 29.53,O 58 35 10.79,Nova Olinda do Norte,1303106,AM,5625,430.5,5.9,4379.8,102.7,0.0,281.0,431.0,100
 317,-2.94724,-45.95551,S 2 56 50.06,O 45 57 19.84,Nova Olinda do Maranhão,2107357,MA,2479,1196.5,3.7,1237.1,45.4,0.0,0.0,0.0,100
 318,-7.65097,-48.34524,S 7 39 3.49,O 48 20 42.86,Nova Olinda,1714880,TO,1573,799.0,0.0,15.0,0.0,0.0,759.0,0.0,99
 319,-14.75593,-57.41410,S 14 45 21.35,O 57 24 50.76,Nova Olímpia,5106232,MT,1554,996.1,0.4,241.2,0.0,0.0,316.7,0.0,99
 320,-14.14628,-51.79751,S 14 8 46.61,O 51 47 51.04,Nova Nazaré,5106174,MT,4042,201.9,0.1,1063.5,0.0,0.0,2769.7,6.9,100
 321,-13.52119,-56.08018,S 13 31 16.28,O 56 4 48.65,Nova Mutum,5106224,MT,9546,2892.1,13.9,3274.3,0.0,0.0,3372.4,7.2,100
 322,-9.92681,-57.28620,S 9 55 36.52,O 57 17 10.32,Nova Monte Verde,5108956,MT,5277,2375.0,6.3,2882.4,0.0,0.0,12.9,6.7,99
 323,-12.76195,-57.10309,S 12 45 43.02,O 57 6 11.12,Nova Maringá,5108907,MT,11528,3198.3,41.3,7636.0,0.0,0.0,685.5,8.2,99
 324,-14.29859,-57.29919,S 14 17 54.92,O 57 17 57.08,Nova Marilândia,5108857,MT,1942,978.8,2.7,399.4,0.0,0.0,563.8,0.0,100
 325,-10.40463,-64.77513,S 10 24 16.67,O 64 46 30.47,Nova Mamoré,1100338,RO,10241,3416.1,149.3,5116.8,306.7,0.0,1358.1,43.3,99
 326,-14.40230,-59.74060,S 14 24 8.28,O 59 44 26.16,Nova Lacerda,5106182,MT,4744,1842.5,12.4,1402.2,0.0,0.0,1499.3,0.0,100
 327,-5.01264,-49.20524,S 5 0 45.50,O 49 12 18.86,Nova Ipixuna,1504976,PA,1569,1152.0,3.6,198.6,2.0,0.0,122.6,93.8,100
 328,-6.77152,-44.14319,S 6 46 17.47,O 44 8 35.48,Nova Iorque,2107308,MA,992,0.0,0.0,483.4,0.0,0.0,508.6,0.0,100
 329,-10.27172,-55.31582,S 10 16 18.19,O 55 18 56.95,Nova Guarita,5108808,MT,1087,932.4,2.4,154.0,0.0,0.0,0.0,0.6,100
 330,-2.39441,-46.79100,S 2 23 39.88,O 46 47 27.60,Nova Esperança do Piriá,1504950,PA,2829,1554.1,2.7,1255.2,19.7,0.0,0.0,0.0,100
 331,-7.17281,-46.20838,S 7 10 22.12,O 46 12 30.17,Nova Colinas,2107258,MA,748,0.0,0.0,0,0.0,0.0,748.8,0.0,100
 332,-10.67042,-56.03587,S 10 40 13.51,O 56 2 9.13,Nova Canaã do Norte,5106216,MT,5975,3012.4,17.9,1866.1,0.0,0.0,1059.4,37.1,100
 333,-11.55983,-62.27351,S 11 33 35.39,O 62 16 24.64,Nova Brasilândia D'Oeste,1100148,RO,1167,901.6,0.9,200.3,0.0,0.0,65.1,0.0,100
 334,-14.74307,-55.22435,S 14 44 35.05,O 55 13 27.66,Nova Brasilândia,5106208,MT,3268,1167.0,0.2,191.4,0.0,0.0,1881.9,27.7,100
 335,-9.69690,-57.96980,S 9 41 48.84,O 57 58 11.28,Nova Bandeirantes,5106158,MT,9558,3283.6,36.6,6052.5,0.0,0.0,91.0,130.9,99
 336,-15.93303,-56.34870,S 15 55 58.91,O 56 20 55.32,Nossa Senhora do Livramento,5106109,MT,5200,110.2,0.5,82.4,0.0,0.0,5005.1,2.3,99
 337,-14.38974,-56.69911,S 14 23 23.06,O 56 41 56.80,Nortelândia,5106000,MT,1353,919.8,0.7,282.8,0.0,0.0,150.4,0.0,100
 338,3.83663,-60.03254,N 3 50 11.87,O 60 1 57.14,Normandia,1400407,RR,7003,19.5,0.0,488.2,20.8,0.0,6451.9,22.6,99
 339,-14.39797,-55.78737,S 14 23 52.69,O 55 47 14.53,Nobres,5105903,MT,3765,349.8,0.1,235.5,0.0,0.0,3179.7,0.0,99
 340,-1.08094,-58.44390,S 1 4 51.38,O 58 26 38.04,Nhamundá,1303007,AM,14132,491.1,4.8,11436.3,752.3,0.0,344.4,1107.9,100
 341,-6.32397,-47.78166,S 6 19 26.29,O 47 46 53.98,Nazaré,1714302,TO,398,283.5,0.0,31.4,0.0,0.0,83.1,0.0,100
 342,-11.72544,-47.62384,S 11 43 31.58,O 47 37 25.82,Natividade,1714203,TO,3260,0.0,0.0,0,0.0,0.0,3260.4,0.0,100
 343,-7.01662,-48.76894,S 7 0 59.83,O 48 46 8.18,Muricilândia,1713957,TO,1193,959.4,4.4,207.4,0.0,0.0,0.0,26.2,100
 344,2.53531,-62.00364,N 2 32 7.12,O 62 0 13.10,Mucajaí,1400308,RR,12878,1844.3,22.1,7678.2,3120.6,0.0,196.3,38.6,99
 345,-1.31435,-49.34437,S 1 18 51.66,O 49 20 39.73,Muaná,1504901,PA,3776,100.6,0.0,1420.8,407.6,0.0,1361.3,485.7,99
 346,-5.83817,-47.09465,S 5 50 17.41,O 47 5 40.74,Montes Altos,2107001,MA,1499,180.8,0.3,60.2,0.0,0.0,1258.0,0.0,100
 347,-9.98708,-49.11202,S 9 59 13.49,O 49 6 43.27,Monte Santo do Tocantins,1713700,TO,1096,0.8,0.0,11.2,0.0,0.0,1084.0,0.0,100
 348,-10.24610,-63.37990,S 10 14 45.96,O 63 22 47.64,Monte Negro,1101401,RO,1955,1431.2,14.1,477.3,1.8,0.0,44.7,0.0,100
 349,-10.73529,-48.02248,S 10 44 7.04,O 48 1 20.93,Monte do Carmo,1713601,TO,3635,0.0,0.0,0.3,0.0,0.0,3633.6,1.1,100
 350,-1.02109,-54.28681,S 1 1 15.92,O 54 17 12.52,Monte Alegre,1504802,PA,19516,4253.8,12.9,8902.1,3421.0,0.0,1799.4,1139.7,100
 351,-3.47819,-45.32019,S 3 28 41.48,O 45 19 12.68,Monção,2106904,MA,1362,969.7,0.2,21.2,56.5,0.0,189.0,125.6,100
 352,-2.53518,-49.05922,S 2 32 6.65,O 49 3 33.19,Moju,1504703,PA,9129,4319.6,25.7,4386.8,176.6,0.0,190.4,55.6,100
 353,-2.54950,-49.35737,S 2 32 58.20,O 49 21 26.53,Mocajuba,1504604,PA,872,492.7,0.0,135.1,1.1,0.0,168.2,74.9,100
 354,-2.07065,-44.84480,S 2 4 14.34,O 44 50 41.28,Mirinzal,2106805,MA,696,681.3,0.0,6.2,8.2,0.0,0.0,0.3,100
 355,-15.60276,-58.05495,S 15 36 9.94,O 58 3 17.82,Mirassol d'Oeste,5105622,MT,1077,940.3,0.6,102.9,0.0,0.0,33.8,0.0,100
 356,-11.04481,-62.80644,S 11 2 41.32,O 62 48 23.18,Mirante da Serra,1101302,RO,1205,640.1,2.8,350.6,0.0,0.0,214.3,0.0,100
 357,-9.39541,-48.66686,S 9 23 43.48,O 48 40 0.70,Miranorte,1713304,TO,1036,318.2,0.0,9.3,0.0,0.0,708.5,0.0,100
 358,-3.54992,-44.52695,S 3 32 59.71,O 44 31 37.02,Miranda do Norte,2106755,MA,357,253.9,0.3,57.8,32.3,0.0,12.8,0.2,100
 359,-6.40255,-44.83176,S 6 24 9.18,O 44 49 54.34,Mirador,2106706,MA,8716,0.0,0.0,0,0.0,0.0,8716.3,0.0,100
 360,-9.71454,-48.61508,S 9 42 52.34,O 48 36 54.29,Miracema do Tocantins,1713205,TO,2663,0.0,0.0,0,0.0,0.0,2650.6,13.0,100
 361,-11.15941,-61.58328,S 11 9 33.88,O 61 34 59.81,Ministro Andreazza,1101203,RO,804,712.2,0.3,91.8,0.0,0.0,0.0,0.0,100
 362,-1.53536,-51.06862,S 1 32 7.30,O 51 4 7.03,Melgaço,1504505,PA,6781,160.5,0.3,4351.1,1576.7,0.0,166.3,526.4,100
 363,-3.16475,-53.21731,S 3 9 53.10,O 53 13 2.32,Medicilândia,1504455,PA,8272,2066.5,17.8,4053.9,2150.8,0.0,0.0,0.8,100
 364,-0.04351,-51.97972,S 0 2 36.64,O 51 58 46.99,Mazagão,1600402,AP,13140,121.6,1.9,8045.0,3382.9,0.0,1347.5,243.0,100
 365,-6.02067,-47.56977,S 6 1 14.41,O 47 34 11.17,Maurilândia do Tocantins,1712801,TO,741,144.0,0.1,62.7,0.0,0.0,522.8,11.5,99
 366,-5.24148,-58.19462,S 5 14 29.33,O 58 11 40.63,Maués,1302900,AM,40090,1366.7,9.8,35540.8,1015.3,0.0,872.3,1294.9,100
 367,-9.97964,-54.15149,S 9 58 46.70,O 54 9 5.36,Matupá,5105606,MT,5151,1982.5,15.0,2949.8,0.0,0.0,218.7,0.0,100
 368,-3.74966,-44.45678,S 3 44 58.78,O 44 27 24.41,Matões do Norte,2106631,MA,793,427.3,1.8,356.5,3.8,0.0,4.6,0.8,100
 369,-3.05864,-45.03755,S 3 3 31.10,O 45 2 15.18,Matinha,2106508,MA,414,290.8,0.0,0.7,0.8,0.0,49.2,72.5,99
 370,-10.70172,-46.53856,S 10 42 6.19,O 46 32 18.82,Mateiros,1712702,TO,9665,0.0,0.0,261.7,0.0,0.0,9403.3,0.0,100
 371,-1.39704,-48.32114,S 1 23 49.34,O 48 19 16.10,Marituba,1504422,PA,103,65.9,0.0,26.4,3.5,0.0,0.0,7.2,100
 372,-9.77144,-49.75757,S 9 46 17.18,O 49 45 27.25,Marianópolis do Tocantins,1712504,TO,2096,157.8,8.7,178.4,0.0,0.0,1758.4,1.4,100
 373,-9.09022,-72.49765,S 9 5 24.79,O 72 29 51.54,Marechal Thaumaturgo,1200351,AC,8588,257.1,0.5,7800.1,530.1,0.0,0.2,0.5,100
 374,-10.92424,-54.07501,S 10 55 27.26,O 54 4 30.04,Marcelândia,5105580,MT,12295,3572.6,44.9,8489.0,0.0,0.0,218.8,14.6,100
 375,-0.80045,-47.75464,S 0 48 1.62,O 47 45 16.70,Marapanim,1504406,PA,795,402.3,1.4,226.2,76.0,0.0,41.6,48.9,99
 376,-2.42423,-45.95444,S 2 25 27.23,O 45 57 15.98,Maranhãozinho,2106375,MA,981,767.9,0.0,211.8,1.3,0.0,0.0,0.0,100
 377,-4.72821,-45.55246,S 4 43 41.56,O 45 33 8.86,Marajá do Sena,2106359,MA,881,777.1,0.6,58.6,45.3,0.0,0.0,0.0,100
 378,-0.80608,-47.47954,S 0 48 21.89,O 47 28 46.34,Maracanã,1504307,PA,860,326.4,0.6,269.1,109.9,0.0,33.2,121.4,100
 379,-1.99710,-45.98710,S 1 59 49.56,O 45 59 13.56,Maracaçumé,2106326,MA,635,543.0,0.6,78.2,13.8,0.0,0.0,0.0,99
 380,-5.52503,-49.94418,S 5 31 30.11,O 49 56 39.05,Marabá,1504208,PA,15161,8533.5,46.0,5913.0,592.3,0.0,36.2,86.0,100
 381,-2.61234,-64.70305,S 2 36 44.42,O 64 42 10.98,Maraã,1302801,AM,17221,119.3,0.1,13690.3,960.1,0.0,604.6,1846.7,100
 382,-9.39576,-70.06354,S 9 23 44.74,O 70 3 48.74,Manoel Urbano,1200344,AC,11118,348.3,19.7,10720.2,0.0,0.0,0.0,49.5,100
 383,-6.78709,-61.11001,S 6 47 13.52,O 61 6 36.04,Manicoré,1302702,AM,48689,1824.9,73.4,41824.6,66.2,0.0,4146.5,826.8,100
 384,-7.45141,-73.41241,S 7 27 5.08,O 73 24 44.68,Mâncio Lima,1200336,AC,5762,418.2,2.3,5282.9,15.8,0.0,45.1,0.0,100
 385,-2.57290,-60.37242,S 2 34 22.44,O 60 22 20.71,Manaus,1302603,AM,11473,1258.4,1.8,8619.2,44.6,0.0,3.0,1547.8,100
 386,-3.73889,-60.65552,S 3 44 20.00,O 60 39 19.87,Manaquiri,1302553,AM,4001,498.5,3.1,3109.1,0.0,0.0,106.3,287.1,100
 387,-3.27671,-60.71178,S 3 16 36.16,O 60 42 42.41,Manacapuru,1302504,AM,7381,805.8,7.9,4345.9,0.7,0.0,805.6,1423.0,100
 388,-0.82105,-47.63978,S 0 49 15.78,O 47 38 23.21,Magalhães Barata,1504109,PA,326,162.9,0.3,85.7,47.5,0.0,2.3,27.6,100
 389,-1.98969,-47.50665,S 1 59 22.88,O 47 30 23.94,Mãe do Rio,1504059,PA,471,449.0,0.2,19.6,1.0,0.0,0.0,1.4,99
 390,-9.18980,-61.92599,S 9 11 23.28,O 61 55 33.56,Machadinho D'Oeste,1100130,RO,8590,3176.0,98.3,4970.7,0.0,0.0,385.4,57.9,100
 391,0.58849,-50.96231,N 0 35 18.56,O 50 57 44.32,Macapá,1600303,AP,6419,409.2,3.1,1689.2,249.6,0.0,3119.5,951.5,100
 392,-6.21349,-47.84893,S 6 12 48.56,O 47 50 56.15,Luzinópolis,1712454,TO,281,156.5,0.0,20.6,0.0,0.0,103.9,0.0,100
 393,-1.22159,-45.82058,S 1 13 17.72,O 45 49 14.09,Luís Domingues,2106201,MA,464,310.4,0.4,118.1,9.2,0.0,4.3,22.0,100
 394,-10.97819,-50.93233,S 10 58 41.48,O 50 55 56.39,Luciara,5105309,MT,4152,33.4,0.4,399.2,0.0,0.0,3675.5,43.9,99
 395,-13.04742,-56.18220,S 13 2 50.71,O 56 10 55.92,Lucas do Rio Verde,5105259,MT,3662,543.0,7.0,624.2,0.0,0.0,2494.8,0.0,100
 396,-7.20389,-45.17081,S 7 12 14.00,O 45 10 14.92,Loreto,2106102,MA,3638,0.0,0.0,60.0,0.0,0.0,3578.0,0.0,100
 397,-9.49503,-46.82646,S 9 29 42.11,O 46 49 35.26,Lizarda,1712405,TO,5769,0.0,0.0,3.5,0.0,0.0,5765.5,0.0,100
 398,-1.88563,-49.49551,S 1 53 8.27,O 49 29 43.84,Limoeiro do Ajuru,1504000,PA,1494,61.7,0.0,534.1,339.5,0.0,50.9,507.8,100
 399,-4.57029,-44.44604,S 4 34 13.04,O 44 26 45.74,Lima Campos,2106003,MA,325,121.3,0.1,203.7,0.0,0.0,0.0,0.0,100
 400,-12.82298,-46.34780,S 12 49 22.73,O 46 20 52.08,Lavandeira,1712157,TO,524,0.0,0.0,8.5,0.0,0.0,515.5,0.0,100
 401,0.77776,-52.93790,N 0 46 39.94,O 52 56 16.44,Laranjal do Jari,1600279,AP,30974,195.8,1.5,22150.8,8417.8,0.0,146.9,62.7,99
 402,-15.44721,-57.72109,S 15 26 49.96,O 57 43 15.92,Lambari D'Oeste,5105234,MT,1773,1179.3,2.1,416.2,0.0,0.0,172.7,4.8,99
 403,-6.10131,-46.95503,S 6 6 4.72,O 46 57 18.11,Lajeado Novo,2105989,MA,1054,257.1,0.8,16.6,0.0,0.0,780.3,0.0,99
 404,-9.83859,-48.28634,S 9 50 18.92,O 48 17 10.82,Lajeado,1712009,TO,324,0.0,0.0,0,0.0,0.0,314.0,10.3,100
 405,-4.91226,-45.41696,S 4 54 44.14,O 45 25 1.06,Lagoa Grande do Maranhão,2105963,MA,741,716.7,0.4,23.1,1.2,0.0,0.0,0.0,100
 406,-10.34474,-47.49628,S 10 20 41.06,O 47 29 46.61,Lagoa do Tocantins,1711951,TO,917,0.0,0.0,0,0.0,0.0,917.7,0.0,100
 407,-11.04824,-50.21840,S 11 2 53.66,O 50 13 6.24,Lagoa da Confusão,1711902,TO,10588,279.2,7.3,1885.3,72.8,0.0,8239.6,111.1,100
 408,-3.98230,-44.90035,S 3 58 56.28,O 44 54 1.26,Lago Verde,2105906,MA,631,534.1,0.0,0.1,0.0,0.0,82.4,14.4,100
 409,-4.60648,-44.94690,S 4 36 23.33,O 44 56 48.84,Lago dos Rodrigues,2105948,MA,196,196.8,0.0,0,0.0,0.0,0.0,0.0,100
 410,-4.57135,-45.01907,S 4 34 16.86,O 45 1 8.65,Lago do Junco,2105807,MA,312,312.4,0.0,0,0.0,0.0,0.0,0.0,100
 411,-4.71879,-45.22346,S 4 43 7.64,O 45 13 24.46,Lago da Pedra,2105708,MA,1552,1552.1,0.0,0,0.6,0.0,0.0,0.0,100
 412,-8.38295,-65.70994,S 8 22 58.62,O 65 42 35.78,Lábrea,1302405,AM,69672,3858.7,242.6,63055.9,518.2,0.0,1793.3,445.9,99
 413,-4.50575,-68.24058,S 4 30 20.70,O 68 14 26.09,Jutaí,1302306,AM,71756,243.2,1.1,66680.6,3573.1,0.0,97.6,1161.5,100
 414,-16.19866,-55.00543,S 16 11 55.18,O 55 0 19.55,Juscimeira,5105200,MT,2205,921.6,0.1,37.8,0.0,0.0,1244.4,1.2,99
 415,-2.64774,-56.23691,S 2 38 51.86,O 56 14 12.88,Juruti,1503903,PA,8308,1184.1,8.4,5100.3,281.3,0.0,633.3,1109.0,100
 416,-10.39251,-58.60936,S 10 23 33.04,O 58 36 33.70,Juruena,5105176,MT,2826,1236.7,7.1,1497.7,0.0,0.0,66.5,25.1,99
 417,-3.37471,-66.45025,S 3 22 28.96,O 66 27 0.90,Juruá,1302207,AM,19849,153.3,0.2,17497.5,1322.9,0.0,142.1,733.2,99
 418,-1.88885,-46.11298,S 1 53 19.86,O 46 6 46.73,Junco do Maranhão,2105658,MA,560,546.6,0.1,10.4,1.7,0.0,0.0,1.3,100
 419,-11.52357,-59.19651,S 11 31 24.85,O 59 11 47.44,Juína,5105150,MT,26359,4459.9,52.2,19218.5,0.0,0.0,2639.6,41.0,100
 420,-8.13098,-49.09587,S 8 7 51.53,O 49 5 45.13,Juarina,1711803,TO,482,210.9,0.0,12.5,0.0,0.0,236.9,21.7,100
 421,-11.22873,-57.64737,S 11 13 43.43,O 57 38 50.53,Juara,5105101,MT,22666,7976.9,46.3,12961.5,0.0,0.0,1600.6,127.0,99
 422,-5.01140,-44.77457,S 5 0 41.04,O 44 46 28.45,Joselândia,2105609,MA,691,502.0,1.9,176.4,0.0,0.0,0.2,12.4,100
 423,-9.22216,-71.85121,S 9 13 19.78,O 71 51 4.36,Jordão,1200328,AC,5635,160.2,0.9,4944.5,529.8,0.0,0.1,0.4,100
 424,-5.23976,-47.17310,S 5 14 23.14,O 47 10 23.16,João Lisboa,2105500,MA,638,591.2,0.5,46.1,0.7,0.0,0.0,0.0,100
 425,-10.44844,-61.69061,S 10 26 54.38,O 61 41 26.20,Ji-Paraná,1100122,RO,6955,2608.5,1.3,4244.9,0.0,0.0,66.3,35.3,100
 426,-5.41540,-45.58874,S 5 24 55.44,O 45 35 19.46,Jenipapo dos Vieiras,2105476,MA,1981,1139.0,2.6,677.5,0.0,0.0,164.5,0.0,100
 427,-15.30319,-58.85570,S 15 18 11.48,O 58 51 20.52,Jauru,5105002,MT,1316,1103.4,0.6,100.3,0.0,0.0,112.3,0.0,99
 428,-12.85689,-48.67771,S 12 51 24.80,O 48 40 39.76,Jaú do Tocantins,1711506,TO,2184,0.0,0.0,10.8,0.0,0.0,2173.2,0.0,100
 429,-5.85883,-44.28683,S 5 51 31.79,O 44 17 12.59,Jatobá,2105450,MA,598,255.4,1.7,146.7,0.0,0.0,195.9,0.0,100
 430,-10.64842,-62.55320,S 10 38 54.31,O 62 33 11.52,Jaru,1100114,RO,2976,2621.1,2.0,310.1,0.0,0.0,44.8,0.0,100
 431,-1.38598,-68.79404,S 1 23 9.53,O 68 47 38.54,Japurá,1302108,AM,57555,59.0,0.0,39478.5,16494.7,0.0,2.6,1520.2,99
 432,-15.32112,-56.57947,S 15 19 16.03,O 56 34 46.09,Jangada,5104906,MT,1022,0.0,0.0,0,0.0,0.0,1022.5,0.0,100
 433,-4.59252,-49.20947,S 4 35 33.07,O 49 12 34.09,Jacundá,1503804,PA,2013,1471.5,3.3,276.7,0.5,0.0,0.0,264.3,99
 434,-15.88392,-55.12414,S 15 53 2.11,O 55 7 26.90,Jaciara,5104807,MT,1657,687.1,0.0,11.2,0.0,0.0,958.7,0.0,100
 435,-7.47718,-57.60432,S 7 28 37.85,O 57 36 15.55,Jacareacanga,1503754,PA,53397,1480.8,31.7,45974.5,19.0,0.0,5213.2,709.5,100
 436,-5.07669,-49.89878,S 5 4 36.08,O 49 53 55.61,Itupiranga,1503705,PA,7901,4763.3,28.1,1745.7,1274.5,0.0,5.6,111.9,99
 437,-17.32140,-54.56868,S 17 19 17.04,O 54 34 7.25,Itiquira,5104609,MT,8724,160.6,0.0,297.7,0.0,0.0,8259.3,6.4,99
 438,-4.16557,-47.17356,S 4 9 56.05,O 47 10 24.82,Itinga do Maranhão,2105427,MA,3605,2633.9,6.8,858.0,113.0,0.0,0.0,0.1,99
 439,0.48700,-50.62043,N 0 29 13.20,O 50 37 13.55,Itaubal,1600253,AP,1704,93.1,0.0,355.1,56.9,0.0,779.0,419.9,100
 440,-11.12675,-55.57183,S 11 7 36.30,O 55 34 18.59,Itaúba,5104559,MT,4612,1796.7,68.3,2364.8,0.0,0.0,418.5,32.0,99
 441,-9.13212,-63.12380,S 9 7 55.63,O 63 7 25.68,Itapuã do Oeste,1101104,RO,4132,925.2,8.9,2997.2,0.0,0.0,2.5,207.1,100
 442,-8.43914,-48.76023,S 8 26 20.90,O 48 45 36.83,Itaporã do Tocantins,1711100,TO,977,929.5,0.3,47.5,0.0,0.0,0.0,0.0,100
 443,-8.29996,-48.04697,S 8 17 59.86,O 48 2 49.09,Itapiratins,1710904,TO,1250,0.0,0.0,0,0.0,0.0,1210.9,39.2,100
 444,-2.54458,-58.65656,S 2 32 40.49,O 58 39 23.62,Itapiranga,1302009,AM,4245,140.2,0.8,3587.9,188.9,0.0,155.6,172.4,100
 445,-3.36235,-44.27902,S 3 21 44.46,O 44 16 44.47,Itapecuru Mirim,2105401,MA,1494,588.3,1.1,573.9,20.1,0.0,308.4,3.3,99
 446,-12.14354,-56.73935,S 12 8 36.74,O 56 44 21.66,Itanhangá,5104542,MT,2927,1640.5,32.9,1282.3,0.0,0.0,0.0,4.2,100
 447,-6.72683,-67.90389,S 6 43 36.59,O 67 54 14.00,Itamarati,1301951,AM,26042,133.3,1.0,23167.1,2449.8,0.0,3.3,288.5,100
 448,-6.03172,-55.96896,S 6 1 54.19,O 55 58 8.26,Itaituba,1503606,PA,62095,5356.9,90.3,53466.3,2000.7,0.0,460.8,810.3,99
 449,-5.18749,-45.75500,S 5 11 14.96,O 45 45 18.00,Itaipava do Grajaú,2105351,MA,1045,925.8,0.3,119.2,0.0,0.0,0.0,0.0,100
 450,-5.78728,-47.60538,S 5 47 14.21,O 47 36 19.37,Itaguatins,1710706,TO,745,366.0,1.0,58.1,0.0,0.0,310.0,10.9,99
 451,-3.13511,-58.81276,S 3 8 6.40,O 58 48 45.94,Itacoatiara,1301902,AM,8927,1761.6,6.0,4554.5,116.0,0.0,829.3,1665.6,99
 452,-8.50117,-47.61437,S 8 30 4.21,O 47 36 51.73,Itacajá,1710508,TO,3072,0.0,0.0,0,0.0,0.0,3072.4,0.0,100
 453,-1.83573,-47.39886,S 1 50 8.63,O 47 23 55.90,Irituia,1503507,PA,1387,1213.4,1.9,144.7,8.4,0.0,17.2,3.3,99
 454,-3.08591,-60.66479,S 3 5 9.28,O 60 39 53.24,Iranduba,1301852,AM,2229,491.5,3.7,1300.8,0.0,0.0,132.9,303.8,99
 455,2.18010,-61.66824,N 2 10 48.36,O 61 40 5.66,Iracema,1400282,RR,14271,789.5,10.6,9303.4,4135.2,0.0,35.5,7.4,100
 456,-11.11862,-48.42263,S 11 7 7.03,O 48 25 21.47,Ipueiras,1709807,TO,818,0.0,0.0,0.0,0.0,0.0,818.0,0.0,100
 457,-2.93713,-47.96702,S 2 56 13.67,O 47 58 1.27,Ipixuna do Pará,1503457,PA,5245,2753.7,14.1,2126.7,332.0,0.0,6.7,25.9,99
 458,-7.14334,-71.42004,S 7 8 36.02,O 71 25 12.14,Ipixuna,1301803,AM,12595,234.3,4.5,11208.7,1015.2,0.0,66.6,70.2,100
 459,-11.94096,-56.04871,S 11 56 27.46,O 56 2 55.36,Ipiranga do Norte,5104526,MT,3449,1852.8,5.2,997.2,0.0,0.0,598.8,0.2,100
 460,-1.45522,-47.89865,S 1 27 18.79,O 47 53 55.14,Inhangapi,1503408,PA,476,327.2,0.0,82.4,34.4,0.0,6.8,25.2,100
 461,-15.32895,-58.60376,S 15 19 44.22,O 58 36 13.54,Indiavaí,5104500,MT,601,564.5,0.0,36.5,0.0,0.0,0.0,0.0,100
 462,-5.38690,-47.57778,S 5 23 12.84,O 47 34 40.01,Imperatriz,2105302,MA,1375,1121.4,0.3,77.2,0.0,0.0,155.1,21.3,100
 463,-2.07583,-49.08754,S 2 4 32.99,O 49 5 15.14,Igarapé-Miri,1503309,PA,2004,480.3,0.6,940.6,58.0,0.0,203.3,321.8,100
 464,-1.17423,-47.57619,S 1 10 27.23,O 47 34 34.28,Igarapé-Açu,1503200,PA,789,687.8,0.3,59.1,34.9,0.0,6.0,1.2,99
 465,-4.58244,-44.84341,S 4 34 56.78,O 44 50 36.28,Igarapé Grande,2105203,MA,379,380.0,0.0,0,0.0,0.0,0.0,0.0,100
 466,-3.62986,-45.10956,S 3 37 47.50,O 45 6 34.42,Igarapé do Meio,2105153,MA,397,216.5,0.0,3.2,3.9,0.0,172.9,0.5,100
 467,-7.51084,-62.59920,S 7 30 39.02,O 62 35 57.12,Humaitá,1301704,AM,33428,727.7,9.1,28798.5,1.3,0.0,3116.3,784.2,100
 468,-11.65795,-48.92170,S 11 39 28.62,O 48 55 18.12,Gurupi,1709500,TO,1843,0.0,0.0,0,0.0,0.0,1843.3,0.0,100
 469,-1.12099,-51.49156,S 1 7 15.56,O 51 29 29.62,Gurupá,1503101,PA,8550,112.3,0.2,3523.2,3100.1,0.0,517.1,1297.3,100
 470,-16.34170,-53.54802,S 16 20 30.12,O 53 32 52.87,Guiratinga,5104203,MT,5359,168.3,0.0,1.7,0.0,0.0,5189.0,0.0,100
 471,-2.07767,-44.51918,S 2 4 39.61,O 44 31 9.05,Guimarães,2104909,MA,604,371.9,0.0,63.0,34.5,0.0,7.8,126.8,99
 472,-9.78024,-54.57310,S 9 46 48.86,O 54 34 23.16,Guarantã do Norte,5104104,MT,4713,2431.9,11.4,1556.7,0.0,0.0,724.2,0.2,100
 473,-8.76489,-48.40596,S 8 45 53.60,O 48 24 21.46,Guaraí,1709302,TO,2278,1035.4,1.6,161.9,0.0,0.0,1077.7,3.0,100
 474,-11.32199,-64.41652,S 11 19 19.16,O 64 24 59.47,Guajará-Mirim,1100106,RO,25260,1495.4,21.3,19253.4,546.0,0.0,3798.4,166.8,100
 475,-7.25158,-72.74345,S 7 15 5.69,O 72 44 36.42,Guajará,1301654,AM,7984,489.5,4.7,7120.9,159.5,0.0,206.9,7.2,100
 476,-5.82835,-46.03070,S 5 49 42.06,O 46 1 50.52,Grajaú,2104800,MA,7625,1481.9,11.2,1381.0,0.0,0.0,4762.1,0.0,99
 477,-5.39025,-44.33039,S 5 23 24.90,O 44 19 49.40,Graça Aranha,2104701,MA,275,220.0,1.3,55.0,0.0,0.0,0.0,0.0,100
 478,-2.03776,-45.79905,S 2 2 15.94,O 45 47 56.58,Governador Nunes Freire,2104677,MA,1045,1011.6,0.5,32.7,0.7,0.0,0.0,0.0,99
 479,-3.40023,-45.89428,S 3 24 0.83,O 45 53 39.41,Governador Newton Bello,2104651,MA,1173,1166.0,0.0,6.9,0.1,0.0,0.0,0.0,100
 480,-5.57153,-44.08064,S 5 34 17.51,O 44 4 50.30,Governador Luiz Rocha,2104628,MA,377,197.7,3.6,153.3,0.0,0.0,26.0,0.0,100
 481,-10.82195,-63.21073,S 10 49 19.02,O 63 12 38.63,Governador Jorge Teixeira,1101005,RO,5131,1364.5,3.7,3568.9,6.2,0.0,191.4,0.0,100
 482,-5.38879,-44.07134,S 5 23 19.64,O 44 4 16.82,Governador Eugênio Barros,2104602,MA,829,340.4,4.3,488.6,0.0,0.0,0.0,0.0,100
 483,-5.72674,-47.31239,S 5 43 36.26,O 47 18 44.60,Governador Edison Lobão,2104552,MA,619,287.3,0.0,18.1,0.0,0.0,299.3,14.3,99
 484,-4.99944,-44.19257,S 4 59 57.98,O 44 11 33.25,Governador Archer,2104503,MA,442,187.4,1.0,254.6,0.0,0.0,0.0,0.0,100
 485,-5.15411,-44.17192,S 5 9 14.80,O 44 10 18.91,Gonçalves Dias,2104404,MA,888,585.2,8.4,302.8,0.0,0.0,0.0,0.0,100
 486,-8.02010,-47.47381,S 8 1 12.36,O 47 28 25.72,Goiatins,1709005,TO,6450,0.0,0.0,0,0.0,0.0,6434.6,15.9,100
 487,-8.91938,-49.01738,S 8 55 9.77,O 49 1 2.57,Goianorte,1708304,TO,1805,103.6,0.3,50.9,0.0,0.0,1650.5,0.0,100
 488,-4.01828,-48.73253,S 4 1 5.81,O 48 43 57.11,Goianésia do Pará,1503093,PA,7048,3841.1,25.1,2708.9,16.7,0.0,0.0,481.3,100
 489,-1.28330,-45.67230,S 1 16 59.88,O 45 40 20.28,Godofredo Viana,2104305,MA,684,298.6,1.1,257.7,26.6,0.0,28.0,73.1,100
 490,-15.86948,-58.26228,S 15 52 10.13,O 58 15 44.21,Glória D'Oeste,5103957,MT,849,296.6,0.1,45.9,0.0,0.0,506.5,0.0,100
 491,-15.59364,-53.01175,S 15 35 37.10,O 53 0 42.30,General Carneiro,5103908,MT,3793,0.0,0.0,1.2,0.0,0.0,3790.3,1.5,100
 492,-12.87129,-53.35524,S 12 52 16.64,O 53 21 18.86,Gaúcha do Norte,5103858,MT,16898,3596.6,10.9,8661.1,0.0,0.0,4609.7,30.6,100
 493,-2.22129,-47.08493,S 2 13 16.64,O 47 5 5.75,Garrafão do Norte,1503077,PA,1610,1434.0,1.2,171.3,4.7,0.0,0.0,0.0,100
 494,-5.66423,-44.02896,S 5 39 51.23,O 44 1 44.26,Fortuna,2104206,MA,706,299.3,2.6,401.4,0.0,0.0,5.3,0.0,100
 495,-6.98736,-46.11264,S 6 59 14.50,O 46 6 45.50,Fortaleza dos Nogueiras,2104107,MA,1680,0.0,0.0,0,0.0,0.0,1680.7,0.0,100
 496,-9.08579,-48.57834,S 9 5 8.84,O 48 34 42.02,Fortaleza do Tabocão,1708254,TO,624,402.6,0.0,1.8,0.0,0.0,219.6,0.0,100
 497,-12.11997,-50.36955,S 12 7 11.89,O 50 22 10.38,Formoso do Araguaia,1708205,TO,13453,200.6,0.4,827.0,0.0,0.0,12257.6,167.8,100
 498,-6.57908,-46.15604,S 6 34 44.69,O 46 9 21.74,Formosa da Serra Negra,2104099,MA,3977,33.7,0.0,24.4,0.0,0.0,3918.9,0.0,100
 499,-2.54594,-66.91330,S 2 32 45.38,O 66 54 47.88,Fonte Boa,1301605,AM,12392,103.5,0.8,10247.0,1074.9,0.0,154.1,812.5,100
 500,-7.55246,-49.60538,S 7 33 8.86,O 49 36 19.37,Floresta do Araguaia,1503044,PA,3454,1913.4,3.3,317.5,0.0,0.0,1177.7,45.4,100
 501,-7.51348,-47.85975,S 7 30 48.53,O 47 51 35.10,Filadélfia,1707702,TO,1998,0.0,0.0,0,0.0,0.0,1975.5,23.5,100
 502,-15.49255,-58.72946,S 15 29 33.18,O 58 43 46.06,Figueirópolis D'Oeste,5103809,MT,893,741.0,0.1,45.9,0.0,0.0,106.1,0.0,100
 503,-12.23892,-49.41498,S 12 14 20.11,O 49 24 53.93,Figueirópolis,1707652,TO,1935,0.0,0.0,0,0.0,0.0,1935.3,0.0,100
 504,0.87819,-51.22526,N 0 52 41.48,O 51 13 30.94,Ferreira Gomes,1600238,AP,5047,142.6,3.8,1936.1,1259.2,0.0,1643.1,66.0,100
 505,-6.23471,-45.32776,S 6 14 4.96,O 45 19 39.94,Fernando Falcão,2104081,MA,3547,38.7,0.3,80.7,0.0,0.0,3427.6,0.0,100
 506,-11.82178,-53.91560,S 11 49 18.41,O 53 54 56.16,Feliz Natal,5103700,MT,11448,2203.6,83.7,8520.0,0.0,0.0,703.0,21.4,100
 507,-7.00534,-46.64737,S 7 0 19.22,O 46 38 50.53,Feira Nova do Maranhão,2104073,MA,1486,0.0,0.0,0,0.0,0.0,1486.9,0.0,100
 508,-8.89638,-70.65907,S 8 53 46.97,O 70 39 32.65,Feijó,1200302,AC,29179,1490.1,11.3,27360.1,311.1,0.0,0.4,17.3,100
 509,-10.82808,-48.90259,S 10 49 41.09,O 48 54 9.32,Fátima,1707553,TO,385,0.0,0.0,0.0,0.0,0.0,385.0,0.0,100
 510,-1.10869,-57.80093,S 1 6 31.28,O 57 48 3.35,Faro,1503002,PA,11794,244.2,3.2,11075.6,205.5,0.0,87.6,181.1,99
 511,-6.76357,-47.18332,S 6 45 48.85,O 47 10 59.95,Estreito,2104057,MA,2737,10.6,0.1,5.0,0.0,0.0,2700.3,21.1,99
 512,-11.36838,-60.73108,S 11 22 6.17,O 60 43 51.89,Espigão D'Oeste,1100098,RO,4551,2103.4,1.5,2150.8,0.0,0.0,296.5,0.3,100
 513,-4.91736,-44.90586,S 4 55 2.50,O 44 54 21.10,Esperantinópolis,2104008,MA,486,450.4,0.0,35.2,0.0,0.0,0.4,0.0,99
 514,-5.31119,-48.49571,S 5 18 40.28,O 48 29 44.56,Esperantina,1707405,TO,505,218.0,0.0,10.1,0.0,0.0,227.5,49.4,100
 515,-10.87940,-68.58788,S 10 52 45.84,O 68 35 16.37,Epitaciolândia,1200252,AC,1703,867.3,10.1,835.6,0.0,0.0,0.0,0.1,100
 516,-7.61678,-70.19515,S 7 37 0.41,O 70 11 42.54,Envira,1301506,AM,7793,295.9,5.4,7285.1,149.1,0.0,0.1,62.8,100
 517,-6.12012,-49.26085,S 6 7 12.43,O 49 15 39.06,Eldorado dos Carajás,1502954,PA,2968,2738.1,4.6,229.9,0.0,0.0,0.0,0.0,100
 518,-7.04074,-70.12601,S 7 2 26.66,O 70 7 33.64,Eirunepé,1301407,AM,15608,381.5,0.1,14362.8,509.9,0.0,172.1,181.7,99
 519,-11.37865,-49.39815,S 11 22 43.14,O 49 23 53.34,Dueré,1707306,TO,3435,35.3,0.6,245.1,0.0,0.0,3150.7,3.9,100
 520,-5.02168,-44.39893,S 5 1 18.05,O 44 23 56.15,Dom Pedro,2103802,MA,374,230.1,0.7,143.9,0.0,0.0,0.0,0.0,100
 521,-4.20041,-47.82354,S 4 12 1.48,O 47 49 24.74,Dom Eliseu,1502939,PA,5296,3476.1,6.9,1789.1,30.8,0.0,0.0,0.0,100
 522,-15.67117,-54.80259,S 15 40 16.21,O 54 48 9.32,Dom Aquino,5103601,MT,2208,799.7,0.0,48.6,0.0,0.0,1359.7,0.0,100
 523,-9.33306,-49.01926,S 9 19 59.02,O 49 1 9.34,Dois Irmãos do Tocantins,1707207,TO,3772,65.4,0.0,78.6,0.0,0.0,3628.0,0.0,99
 524,-9.63968,-49.40955,S 9 38 22.85,O 49 24 34.38,Divinópolis do Tocantins,1707108,TO,2355,18.4,0.0,57.4,0.0,0.0,2279.2,0.0,100
 525,-11.79703,-46.97684,S 11 47 49.31,O 46 58 36.62,Dianópolis,1707009,TO,3240,0.0,0.0,4.7,0.0,0.0,3235.3,0.0,100
 526,-14.14200,-57.21209,S 14 8 31.20,O 57 12 43.52,Diamantino,5103502,MT,8135,620.8,5.6,1796.8,0.0,0.0,5717.4,0.0,100
 527,-14.72046,-56.95246,S 14 43 13.66,O 56 57 8.86,Denise,5103452,MT,1303,1141.2,0.0,156.4,0.0,0.0,5.4,0.0,99
 528,-5.58337,-47.31469,S 5 35 0.13,O 47 18 52.88,Davinópolis,2103752,MA,339,289.9,0.6,49.1,0.0,0.0,0.0,0.0,100
 529,-6.77305,-47.71044,S 6 46 22.98,O 47 42 37.58,Darcinópolis,1706506,TO,1649,108.4,0.0,26.1,0.0,0.0,1509.6,4.9,100
 530,1.06660,-50.32807,N 1 3 59.76,O 50 19 41.05,Cutias,1600212,AP,2117,185.1,0.5,381.9,33.5,0.0,1452.3,64.2,99
 531,-15.62296,-57.87488,S 15 37 22.66,O 57 52 29.57,Curvelândia,5103437,MT,362,295.5,0.0,29.4,0.0,0.0,37.1,0.0,100
 532,-1.51676,-44.84338,S 1 31 0.34,O 44 50 36.17,Cururupu,2103703,MA,1235,610.8,0.0,258.9,184.2,0.0,12.6,168.5,99
 533,-0.70617,-47.85268,S 0 42 22.21,O 47 51 9.65,Curuçá,1502905,PA,675,272.1,0.3,252.4,80.6,0.0,0.9,69.0,99
 534,-1.78297,-55.10334,S 1 46 58.69,O 55 6 12.02,Curuá,1502855,PA,1430,340.3,3.8,288.3,61.7,0.0,272.6,467.1,99
 535,-1.56776,-50.04488,S 1 34 3.94,O 50 2 41.57,Curralinho,1502806,PA,3626,202.3,0.1,1112.9,1698.7,0.0,241.5,370.6,100
 536,-6.25014,-49.69278,S 6 15 0.50,O 49 41 34.01,Curionópolis,1502772,PA,2375,2058.7,0.5,310.7,1.0,0.0,4.6,0.0,99
 537,-8.50875,-51.37212,S 8 30 31.50,O 51 22 19.63,Cumaru do Norte,1502764,PA,17105,7263.1,40.5,8405.9,0.0,0.0,1436.0,0.0,100
 538,-9.12763,-62.53091,S 9 7 39.47,O 62 31 51.28,Cujubim,1100940,RO,3904,1697.9,65.8,2203.9,0.0,0.0,0.0,2.2,100
 539,-15.41888,-56.00402,S 15 25 7.97,O 56 0 14.47,Cuiabá,5103403,MT,3496,170.5,0.0,166.4,0.0,0.0,3159.1,0.0,100
 540,-7.95559,-72.73617,S 7 57 20.12,O 72 44 10.21,Cruzeiro do Sul,1200203,AC,9202,1025.0,3.4,7877.0,279.3,0.0,20.7,0.0,100
 541,-11.15672,-49.06416,S 11 9 24.19,O 49 3 50.98,Crixás do Tocantins,1706258,TO,990,0.0,0.0,0,0.0,0.0,990.5,0.0,100
 542,-10.63885,-49.31202,S 10 38 19.86,O 49 18 43.27,Cristalândia,1706100,TO,1854,0.0,0.0,1.1,0.0,0.0,1852.9,0.0,100
 543,-8.43754,-49.16992,S 8 26 15.14,O 49 10 11.71,Couto Magalhães,1706001,TO,1591,233.6,0.2,87.8,0.0,0.0,1230.2,39.4,100
 544,-9.46189,-58.63441,S 9 27 42.80,O 58 38 3.88,Cotriguaçu,5103379,MT,9527,2117.7,58.3,7160.2,0.0,0.0,116.0,133.1,100
 545,-12.08558,-64.18555,S 12 5 8.09,O 64 11 7.98,Costa Marques,1100080,RO,5058,1751.2,24.4,2727.1,0.0,0.0,558.9,20.8,99
 546,-12.88061,-61.22315,S 12 52 50.20,O 61 13 23.34,Corumbiara,1100072,RO,3081,2156.6,3.3,825.0,0.0,0.0,99.4,0.0,100
 547,-4.16542,-44.14074,S 4 9 55.51,O 44 8 26.66,Coroatá,2103604,MA,2298,1053.1,0.8,1244.9,0.0,0.0,0.0,0.0,100
 548,-14.61969,-59.31316,S 14 37 10.88,O 59 18 47.38,Conquista D'Oeste,5103361,MT,2707,586.6,0.5,804.1,0.0,0.0,1316.3,0.0,100
 549,-10.40724,-51.73743,S 10 24 26.06,O 51 44 14.75,Confresa,5103353,MT,5801,3845.9,20.7,1632.7,0.0,0.0,320.3,2.1,100
 550,-1.87841,-47.97492,S 1 52 42.28,O 47 58 29.71,Concórdia do Pará,1502756,PA,695,609.4,0.5,74.0,11.3,0.0,0.0,0.3,100
 551,-12.14589,-47.28829,S 12 8 45.20,O 47 17 17.84,Conceição do Tocantins,1705607,TO,2519,0.0,0.0,0,0.0,0.0,2519.6,0.0,100
 552,-3.79264,-44.82907,S 3 47 33.50,O 44 49 44.65,Conceição do Lago-Açu,2103554,MA,742,531.0,0.0,0,0.0,0.0,98.7,113.0,100
 553,-8.20672,-49.54786,S 8 12 24.19,O 49 32 52.30,Conceição do Araguaia,1502707,PA,5847,3079.2,1.7,775.9,0.0,0.0,1874.8,117.1,99
 554,-13.19225,-59.84330,S 13 11 32.10,O 59 50 35.88,Comodoro,5103304,MT,21863,3126.1,33.8,8961.1,0.0,0.0,9773.1,2.7,100
 555,-12.83387,-46.48950,S 12 50 1.93,O 46 29 22.20,Combinado,1705557,TO,211,0.0,0.0,16.6,0.0,0.0,194.4,0.0,100
 556,-13.13652,-60.53715,S 13 8 11.47,O 60 32 13.74,Colorado do Oeste,1100064,RO,1460,1196.0,5.6,210.1,0.0,0.0,53.9,0.0,100
 557,-9.42457,-61.08215,S 9 25 28.45,O 61 4 55.74,Colniza,5103254,MT,28123,4331.0,251.2,23424.1,0.0,0.0,311.5,56.4,100
 558,-8.89352,-48.74440,S 8 53 36.67,O 48 44 39.84,Colméia,1716703,TO,995,754.1,0.0,20.1,0.0,0.0,220.8,0.0,100
 559,-8.06639,-48.53996,S 8 3 59.00,O 48 32 23.86,Colinas do Tocantins,1705508,TO,847,663.1,0.0,4.0,0.0,0.0,179.9,0.0,100
 560,-6.08345,-44.10211,S 6 5 0.42,O 44 6 7.60,Colinas,2103505,MA,2011,201.9,3.0,370.2,0.0,0.0,1438.9,0.0,100
 561,-10.56223,-55.44101,S 10 33 44.03,O 55 26 27.64,Colíder,5103205,MT,3039,2517.9,9.4,506.9,7.8,0.0,2.3,4.1,100
 562,-0.89755,-48.27572,S 0 53 51.18,O 48 16 32.59,Colares,1502608,PA,612,90.4,0.0,103.5,29.6,0.0,15.9,372.6,100
 563,-3.12907,-63.20401,S 3 7 44.65,O 63 12 14.44,Codajás,1301308,AM,18944,267.8,1.0,15996.1,510.1,0.0,729.2,1440.8,99
 564,-13.84147,-51.22546,S 13 50 29.29,O 51 13 31.66,Cocalinho,5103106,MT,16560,248.0,7.1,1749.8,0.0,0.0,14449.5,112.7,100
 565,-4.03545,-63.53466,S 4 2 7.62,O 63 32 4.78,Coari,1301209,AM,58828,780.1,0.7,54119.8,343.2,0.0,823.1,2761.8,100
 566,-11.47825,-55.06672,S 11 28 41.70,O 55 4 0.19,Cláudia,5103056,MT,3865,1624.8,20.5,2231.3,0.0,0.0,0.0,8.9,100
 567,-5.05561,-47.80973,S 5 3 20.20,O 47 48 35.03,Cidelândia,2103257,MA,1474,1305.9,1.6,140.5,0.0,0.0,20.8,6.8,99
 568,-12.57882,-60.88638,S 12 34 43.75,O 60 53 10.97,Chupinguaia,1100924,RO,5164,2671.9,4.6,2163.3,0.0,0.0,328.4,0.4,100
 569,0.01942,-49.88506,N 0 1 9.91,O 49 53 6.22,Chaves,1502509,PA,13116,96.9,0.7,2416.6,1604.6,0.0,5236.2,3761.7,99
 570,-15.10006,-55.49593,S 15 6 0.22,O 55 29 45.35,Chapada dos Guimarães,5103007,MT,6250,391.8,0.4,142.5,0.0,0.0,5516.4,199.3,100
 571,-10.16549,-49.17753,S 10 9 55.76,O 49 10 39.11,Chapada de Areia,1704600,TO,661,1.7,0.0,10.4,0.0,0.0,648.9,0.0,100
 572,-11.51346,-47.82991,S 11 30 48.46,O 47 49 47.68,Chapada da Natividade,1705102,TO,1655,0.0,0.0,0,0.0,0.0,1655.2,0.0,100
 573,-13.18361,-61.20455,S 13 11 1.00,O 61 12 16.38,Cerejeiras,1100056,RO,2805,809.1,3.0,751.5,0.0,0.0,1244.4,0.0,99
 574,-3.06829,-46.47701,S 3 4 5.84,O 46 28 37.24,Centro Novo do Maranhão,2103174,MA,8329,2350.0,3.2,5104.8,873.9,0.0,0.0,0.3,99
 575,-2.34154,-46.11334,S 2 20 29.54,O 46 6 48.02,Centro do Guilherme,2103158,MA,1084,919.4,0.8,160.3,4.3,0.0,0.0,0.0,100
 576,-2.25460,-44.85014,S 2 15 16.56,O 44 51 0.50,Central do Maranhão,2103125,MA,370,258.9,0.0,2.5,9.5,0.0,97.7,1.4,100
 577,-9.07581,-47.43855,S 9 4 32.92,O 47 26 18.78,Centenário,1704105,TO,1967,0.0,0.0,0,0.0,0.0,1967.7,0.0,100
 578,-1.94722,-44.57133,S 1 56 49.99,O 44 34 16.79,Cedral,2103109,MA,291,229.5,0.0,37.0,17.5,0.0,0.2,6.8,100
 579,-11.43746,-61.89399,S 11 26 14.86,O 61 53 38.36,Castanheiras,1100908,RO,901,721.1,1.6,176.8,0.0,0.0,0.6,2.5,100
 580,-10.95372,-58.64204,S 10 57 13.39,O 58 38 31.34,Castanheira,5102850,MT,3963,2547.3,8.8,1383.6,0.0,0.0,3.4,28.7,100
 581,-1.26528,-47.93713,S 1 15 55.01,O 47 56 13.67,Castanhal,1502400,PA,1034,903.8,0.7,89.5,39.6,0.0,0.0,1.1,100
 582,-9.37187,-49.84810,S 9 22 18.73,O 49 50 53.16,Caseara,1703909,TO,1697,308.7,3.6,275.2,0.0,0.0,1079.1,34.0,100
 583,-1.24815,-45.99770,S 1 14 53.34,O 45 59 51.72,Carutapera,2102903,MA,1239,654.1,1.8,334.9,57.9,0.0,112.8,79.3,99
 584,-5.33031,-48.00378,S 5 19 49.12,O 48 0 13.61,Carrasco Bonito,1703891,TO,194,131.3,0.0,0.6,0.0,0.0,57.9,4.2,100
 585,-7.45272,-47.30544,S 7 27 9.79,O 47 18 19.58,Carolina,2102804,MA,6485,0.0,0.0,0.3,0.0,0.0,6429.6,55.1,100
 586,0.94538,-59.32614,N 0 56 43.37,O 59 19 34.10,Caroebe,1400233,RR,12120,996.6,20.5,10883.8,143.6,0.0,12.8,83.2,100
 587,-7.03740,-48.37437,S 7 2 14.64,O 48 22 27.73,Carmolândia,1703883,TO,340,308.0,0.2,32.0,0.0,0.0,0.0,0.0,100
 588,-10.06388,-55.74729,S 10 3 49.97,O 55 44 50.24,Carlinda,5102793,MT,2417,1724.0,2.5,660.8,0.0,0.0,0.0,32.2,100
 589,-11.94736,-49.13968,S 11 56 50.50,O 49 8 22.85,Cariri do Tocantins,1703867,TO,1130,0.0,0.0,0,0.0,0.0,1130.6,0.0,100
 590,-3.30477,-59.55597,S 3 18 17.17,O 59 33 21.49,Careiro da Várzea,1301159,AM,2641,547.5,9.5,691.4,66.3,0.0,707.8,628.0,100
 591,-3.74900,-60.14701,S 3 44 56.40,O 60 8 49.24,Careiro,1301100,AM,6127,1125.4,5.1,4598.7,5.3,0.0,80.7,316.9,100
 592,-5.17242,-67.49476,S 5 10 20.71,O 67 29 41.14,Carauari,1301001,AM,26469,295.1,0.3,25741.3,20.0,0.0,12.7,399.9,100
 593,0.31228,-62.10777,N 0 18 44.21,O 62 6 27.97,Caracaraí,1400209,RR,47818,1096.5,19.9,29800.4,1857.2,0.0,14489.7,574.2,99
 594,-10.45586,-67.86778,S 10 27 21.10,O 67 52 4.01,Capixaba,1200179,AC,1760,889.3,6.2,870.1,0.6,0.0,0.0,0.0,100
 595,-2.06616,-47.25773,S 2 3 58.18,O 47 15 27.83,Capitão Poço,1502301,PA,2924,2571.8,1.2,339.6,8.8,0.0,2.0,1.8,99
 596,-4.68617,-44.31678,S 4 41 10.21,O 44 19 0.41,Capinzal do Norte,2102754,MA,598,223.9,1.8,374.1,0.0,0.0,0.0,0.0,100
 597,-1.18797,-47.12751,S 1 11 16.69,O 47 7 39.04,Capanema,1502202,PA,619,518.0,1.2,60.0,9.1,0.0,29.5,2.4,100
 598,-7.45596,-63.90278,S 7 27 21.46,O 63 54 10.01,Canutama,1300904,AM,30278,1052.9,14.5,27711.9,228.1,0.0,988.3,296.8,99
 599,-3.64996,-44.30194,S 3 38 59.86,O 44 18 6.98,Cantanhede,2102705,MA,783,246.4,0.4,469.2,62.8,0.0,4.6,0.0,100
 600,2.29596,-60.53716,N 2 17 45.46,O 60 32 13.78,Cantá,1400175,RR,7715,1550.4,24.4,3771.4,1486.5,0.0,826.5,80.2,100
 601,-1.36295,-45.55652,S 1 21 46.62,O 45 33 23.47,Cândido Mendes,2102606,MA,1635,936.0,2.8,391.7,147.9,0.0,79.8,79.6,100
 602,-8.96404,-63.53626,S 8 57 50.54,O 63 32 10.54,Candeias do Jamari,1100809,RO,6931,1949.3,48.0,4600.7,0.0,0.0,0.0,381.0,100
 603,-13.19259,-52.63275,S 13 11 33.32,O 52 37 57.90,Canarana,5102702,MT,10840,1895.8,1.5,2153.2,0.0,0.0,6784.7,6.3,100
 604,-11.23109,-51.79815,S 11 13 51.92,O 51 47 53.34,Canabrava do Norte,5102694,MT,3451,1657.0,2.4,592.7,0.0,0.0,1201.1,0.2,100
 605,-6.48129,-50.03153,S 6 28 52.64,O 50 1 53.51,Canaã dos Carajás,1502152,PA,3156,1740.6,2.7,1134.0,175.7,0.0,105.6,0.1,100
 606,-8.21406,-46.77137,S 8 12 50.62,O 46 46 16.93,Campos Lindos,1703842,TO,3266,0.1,0.0,1.5,0.0,0.0,3264.4,0.0,100
 607,-13.57465,-59.22724,S 13 34 28.74,O 59 13 38.06,Campos de Júlio,5102686,MT,6831,106.8,0.1,476.1,0.0,0.0,6248.1,0.0,100
 608,-15.42480,-55.01614,S 15 25 29.28,O 55 0 58.10,Campo Verde,5102678,MT,4794,196.8,0.0,53.0,0.0,0.0,4544.2,0.0,100
 609,-13.65684,-57.88715,S 13 39 24.62,O 57 53 13.74,Campo Novo do Parecis,5102637,MT,9467,265.2,0.0,1575.4,0.0,0.0,7626.4,0.0,100
 610,-10.49771,-63.76417,S 10 29 51.76,O 63 45 51.01,Campo Novo de Rondônia,1100700,RO,3491,1996.1,20.9,1177.7,43.0,0.0,274.2,0.0,100
 611,-14.25590,-53.18637,S 14 15 21.24,O 53 11 10.93,Campinápolis,5102603,MT,5968,0.6,0.0,11.3,0.0,0.0,5956.1,0.0,100
 612,-6.17720,-47.23933,S 6 10 37.92,O 47 14 21.59,Campestre do Maranhão,2102556,MA,618,410.9,1.0,43.1,0.0,0.0,154.3,9.7,99
 613,-2.28082,-49.51546,S 2 16 50.95,O 49 30 55.66,Cametá,1502103,PA,3090,1115.7,0.3,742.5,125.6,0.0,657.9,448.3,100
 614,2.62983,-51.23225,N 2 37 47.39,O 51 13 56.10,Calçoene,1600204,AP,14283,188.6,1.0,6821.2,5150.3,0.0,1950.7,172.2,100
 615,-3.40294,-45.00291,S 3 24 10.58,O 45 0 10.48,Cajari,2102507,MA,551,60.8,0.2,8.7,16.8,0.0,352.2,112.5,100
 616,-2.86835,-44.61461,S 2 52 6.06,O 44 36 52.60,Cajapió,2102408,MA,918,84.9,0.0,155.3,176.1,0.0,116.1,385.6,100
 617,-11.30292,-61.25045,S 11 18 10.51,O 61 15 1.62,Cacoal,1100049,RO,3821,2505.4,2.3,1283.6,0.0,0.0,26.2,5.8,100
 618,-6.09677,-47.85022,S 6 5 48.37,O 47 51 0.79,Cachoeirinha,1703826,TO,354,110.6,0.5,36.1,0.0,0.0,207.3,0.0,100
 619,-2.01070,-46.41077,S 2 0 38.52,O 46 24 38.77,Cachoeira do Piriá,1501956,PA,2465,1447.1,13.0,917.8,91.7,0.0,0.0,8.4,100
 620,-0.81338,-48.95588,S 0 48 48.17,O 48 57 21.17,Cachoeira do Arari,1502004,PA,3115,73.4,0.0,226.6,81.6,0.0,2267.7,465.7,100
 621,-16.53992,-57.79439,S 16 32 23.71,O 57 47 39.80,Cáceres,5102504,MT,24399,1958.6,8.1,1568.0,0.0,0.0,19780.8,1091.6,99
 622,-10.32935,-62.96801,S 10 19 45.66,O 62 58 4.84,Cacaulândia,1100601,RO,1985,1470.1,4.4,473.8,0.0,0.0,41.1,0.0,100
 623,-13.50574,-60.67742,S 13 30 20.66,O 60 40 38.71,Cabixi,1100031,RO,1322,986.8,7.2,320.2,0.0,0.0,11.3,3.7,99
 624,-3.05460,-61.93934,S 3 3 16.56,O 61 56 21.62,Caapiranga,1300839,AM,9550,246.6,3.7,8498.3,195.6,0.0,181.9,427.6,100
 625,-10.08701,-63.91064,S 10 5 13.24,O 63 54 38.30,Buritis,1100452,RO,3315,2435.4,54.9,850.0,24.7,0.0,4.8,0.1,100
 626,-5.51220,-47.09218,S 5 30 43.92,O 47 5 31.85,Buritirana,2102358,MA,824,693.4,2.8,116.7,0.0,0.0,13.9,0.0,100
 627,-4.42107,-46.36046,S 4 25 15.85,O 46 21 37.66,Buriticupu,2102325,MA,2568,1962.8,6.5,592.2,12.0,0.0,0.0,1.0,100
 628,-5.34998,-48.15082,S 5 20 59.93,O 48 9 2.95,Buriti do Tocantins,1703800,TO,250,214.1,0.0,1.1,0.0,0.0,29.0,5.8,99
 629,-1.65367,-48.05474,S 1 39 13.21,O 48 3 17.06,Bujaru,1501907,PA,1010,658.5,1.2,238.3,42.1,0.0,11.8,59.3,100
 630,-9.60105,-68.22547,S 9 36 3.78,O 68 13 31.69,Bujari,1200138,AC,3104,1225.6,9.6,1878.1,0.1,0.0,0.0,0.2,100
 631,-1.15638,-50.43788,S 1 9 22.97,O 50 26 16.37,Breves,1501808,PA,9572,541.4,0.9,6675.6,1245.9,0.0,86.2,1022.9,100
 632,-3.75686,-49.46757,S 3 45 24.70,O 49 28 3.25,Breu Branco,1501782,PA,3953,2803.1,16.3,879.7,6.4,0.0,0.9,262.9,99
 633,-5.76373,-48.49835,S 5 45 49.43,O 48 29 54.06,Brejo Grande do Araguaia,1501758,PA,1292,1065.5,1.2,170.0,0.0,0.0,29.8,26.7,100
 634,-4.39135,-45.56852,S 4 23 28.86,O 45 34 6.67,Brejo de Areia,2102150,MA,365,365.1,0.0,0,0.0,0.0,0.0,0.0,100
 635,-11.06608,-48.69069,S 11 3 57.89,O 48 41 26.48,Brejinho de Nazaré,1703701,TO,1731,0.0,0.0,0.0,0.0,0.0,1729.1,1.9,100
 636,-12.10929,-58.17906,S 12 6 33.44,O 58 10 44.62,Brasnorte,5101902,MT,15999,4376.5,31.0,7825.8,0.0,0.0,3762.9,33.8,99
 637,-10.70365,-69.18608,S 10 42 13.14,O 69 11 9.89,Brasiléia,1200104,AC,4062,1372.1,22.8,2689.5,0.0,0.0,0.0,0.4,100
 638,-8.27327,-48.46058,S 8 16 23.77,O 48 27 38.09,Brasilândia do Tocantins,1703602,TO,643,219.2,0.0,4.7,0.0,0.0,419.1,0.0,100
 639,-3.30359,-52.60961,S 3 18 12.92,O 52 36 34.60,Brasil Novo,1501725,PA,6368,2635.7,11.0,2564.9,1162.4,0.0,0.1,4.9,100
 640,-0.95528,-46.65764,S 0 57 19.01,O 46 39 27.50,Bragança,1501709,PA,2107,1723.7,0.5,222.9,66.6,0.0,37.6,56.2,100
 641,-5.33176,-59.23777,S 5 19 54.34,O 59 14 15.97,Borba,1300805,AM,44452,546.6,4.2,41021.9,458.3,0.0,586.5,1838.7,100
 642,-1.39347,-47.31005,S 1 23 36.49,O 47 18 36.18,Bonito,1501600,PA,590,542.6,0.8,42.3,5.1,0.0,0.0,0.0,100
 643,2.79329,-60.17370,N 2 47 35.84,O 60 10 25.32,Bonfim,1400159,RR,8141,393.6,8.3,1359.0,211.0,0.0,6134.1,43.3,99
 644,-4.29867,-45.09405,S 4 17 55.21,O 45 5 38.58,Bom Lugar,2102077,MA,451,451.8,0.0,0,0.0,0.0,0.0,0.0,100
 645,-5.02798,-48.77112,S 5 1 40.73,O 48 46 16.03,Bom Jesus do Tocantins,1501576,PA,2827,1760.9,5.5,956.9,0.0,0.0,70.0,39.2,100
 646,-9.00182,-47.86311,S 9 0 6.55,O 47 51 47.20,Bom Jesus do Tocantins,1703305,TO,1338,7.0,0.6,7.4,0.0,0.0,1314.6,9.0,99
 647,-12.20214,-51.77758,S 12 12 7.70,O 51 46 39.29,Bom Jesus do Araguaia,5101852,MT,4282,2740.5,18.8,1164.6,0.0,0.0,375.3,1.6,100
 648,-4.52261,-46.70062,S 4 31 21.40,O 46 42 2.23,Bom Jesus das Selvas,2102036,MA,2700,2217.2,13.6,457.4,25.4,0.0,0.0,0.0,100
 649,-3.96461,-46.50727,S 3 57 52.60,O 46 30 26.17,Bom Jardim,2102002,MA,6648,3610.0,30.9,2062.0,912.6,0.0,55.9,7.5,100
 650,-8.81858,-68.00168,S 8 49 6.89,O 68 0 6.05,Boca do Acre,1300706,AM,22595,2320.1,47.5,20062.2,30.3,0.0,58.4,124.0,100
 651,-3.15669,-57.90464,S 3 9 24.08,O 57 54 16.70,Boa Vista do Ramos,1300680,AM,2588,208.3,0.5,1121.0,0.2,0.0,852.8,405.7,100
 652,-1.76929,-46.20581,S 1 46 9.44,O 46 12 20.92,Boa Vista do Gurupi,2101970,MA,407,329.6,1.5,52.2,19.7,0.0,0.0,5.5,100
 653,3.01737,-60.74384,N 3 1 2.53,O 60 44 37.82,Boa Vista,1400100,RR,5726,21.6,0.1,122.9,105.6,0.0,5381.9,94.0,100
 654,-4.54242,-61.73805,S 4 32 32.71,O 61 44 16.98,Beruri,1300631,AM,17411,220.5,2.5,15152.4,579.2,0.0,886.1,572.8,100
 655,-7.98945,-48.98928,S 7 59 22.02,O 48 59 21.41,Bernardo Sayão,1703206,TO,930,894.9,0.0,21.0,0.0,0.0,0.0,14.1,100
 656,-4.66641,-44.68276,S 4 39 59.08,O 44 40 57.94,Bernardo do Mearim,2101939,MA,264,193.6,0.0,70.4,0.0,0.0,0.0,0.0,100
 657,-2.44278,-44.81342,S 2 26 34.01,O 44 48 48.31,Bequimão,2101905,MA,779,468.6,0.0,33.9,40.3,0.0,195.8,40.4,99
 658,-5.49767,-70.32124,S 5 29 51.61,O 70 19 16.46,Benjamin Constant,1300607,AM,9146,191.8,1.1,8310.5,438.9,0.0,0.0,204.8,99
 659,-1.36009,-48.26134,S 1 21 36.32,O 48 15 40.82,Benevides,1501501,PA,189,124.8,0.1,49.6,6.3,0.0,0.0,8.3,99
 660,-7.15949,-44.58334,S 7 9 34.16,O 44 35 0.02,Benedito Leite,2101806,MA,1804,0.0,0.0,122.3,0.0,0.0,1681.7,0.0,100
 661,-3.24702,-54.93686,S 3 14 49.27,O 54 56 12.70,Belterra,1501451,PA,4399,822.9,11.0,2936.3,34.3,0.0,0.0,605.5,100
 662,-1.27265,-48.50024,S 1 16 21.54,O 48 30 0.86,Belém,1501402,PA,1070,249.3,0.3,217.2,15.1,0.0,7.1,581.3,100
 663,-3.77053,-45.25317,S 3 46 13.91,O 45 15 11.41,Bela Vista do Maranhão,2101772,MA,147,127.0,0.0,0,0.0,0.0,20.8,0.0,100
 664,-9.90013,-48.78047,S 9 54 0.47,O 48 46 49.69,Barrolândia,1703107,TO,715,0.0,0.0,0.1,0.0,0.0,714.9,0.0,100
 665,-3.13292,-57.23915,S 3 7 58.51,O 57 14 20.94,Barreirinha,1300508,AM,5760,801.2,5.7,3592.4,1.7,0.0,408.6,956.1,100
 666,-7.71197,-47.63915,S 7 42 43.09,O 47 38 20.94,Barra do Ouro,1703073,TO,1112,0.0,0.0,0,0.0,0.0,1093.1,19.7,100
 667,-15.35608,-52.65919,S 15 21 21.89,O 52 39 33.08,Barra do Garças,5101803,MT,9146,1273.9,0.0,233.5,0.0,0.0,7626.4,12.2,100
 668,-5.68391,-45.23172,S 5 41 2.08,O 45 13 54.19,Barra do Corda,2101608,MA,7962,3206.8,10.8,2250.7,0.0,0.0,2499.9,4.6,100
 669,-14.98858,-57.97035,S 14 59 18.89,O 57 58 13.26,Barra do Bugres,5101704,MT,6066,3343.1,4.6,1903.8,0.0,0.0,815.7,3.4,100
 670,-0.14071,-63.18572,S 0 8 26.56,O 63 11 8.59,Barcelos,1300409,AM,124163,206.9,0.3,94926.4,7469.7,0.0,17060.1,4499.9,100
 671,-1.44539,-48.63703,S 1 26 43.40,O 48 38 13.31,Barcarena,1501303,PA,1316,329.6,0.3,419.7,37.1,0.0,1.9,527.7,100
 672,-16.75732,-56.01455,S 16 45 26.35,O 56 0 52.38,Barão de Melgaço,5101605,MT,11187,374.0,1.4,2210.3,0.0,0.0,8493.6,109.1,100
 673,-7.47905,-50.67811,S 7 28 44.58,O 50 40 41.20,Bannach,1501253,PA,2964,2176.2,22.4,725.3,0.0,0.0,62.5,0.0,100
 674,-7.99015,-48.71085,S 7 59 24.54,O 48 42 39.06,Bandeirantes do Tocantins,1703057,TO,1548,1500.4,0.0,47.4,0.0,0.0,0.2,0.0,100
 675,-8.28674,-46.26008,S 8 17 12.26,O 46 15 36.29,Balsas,2101400,MA,13259,0.0,0.0,0,0.0,0.0,13259.1,0.0,100
 676,-3.16791,-49.75057,S 3 10 4.48,O 49 45 2.05,Baião,1501204,PA,3768,1601.9,4.4,1335.8,119.0,0.0,475.4,235.9,100
 677,-2.48368,-50.18049,S 2 29 1.25,O 50 10 49.76,Bagre,1501105,PA,4403,205.9,0.7,2355.8,1523.0,0.0,61.5,256.8,100
 678,-2.69129,-44.65781,S 2 41 28.64,O 44 39 28.12,Bacurituba,2101350,MA,684,16.2,0.0,27.1,5.3,0.0,358.2,277.2,100
 679,-1.68907,-45.22394,S 1 41 20.65,O 45 13 26.18,Bacuri,2101301,MA,795,502.4,0.0,78.3,119.8,0.0,5.5,89.0,99
 680,-2.93046,-44.36559,S 2 55 49.66,O 44 21 56.12,Bacabeira,2101251,MA,625,101.6,0.2,167.6,33.2,0.0,226.1,96.5,100
 681,-4.11944,-44.73579,S 4 7 9.98,O 44 44 8.84,Bacabal,2101202,MA,1705,1202.5,0.0,139.2,0.0,0.0,360.8,2.5,100
 682,-7.16202,-47.91015,S 7 9 43.27,O 47 54 36.54,Babaçulândia,1703008,TO,1796,3.5,0.0,0,0.0,0.0,1779.2,13.5,100
 683,-5.68039,-47.76320,S 5 40 49.40,O 47 45 47.52,Axixá do Tocantins,1702901,TO,150,140.2,0.1,9.8,0.0,0.0,0.0,0.0,100
 684,-2.81750,-44.08819,S 2 49 3.00,O 44 5 17.48,Axixá,2101103,MA,205,30.7,0.2,117.0,0.1,0.0,0.0,57.2,100
 685,-3.76278,-56.01333,S 3 45 46.01,O 56 0 47.99,Aveiro,1501006,PA,17089,1252.7,16.1,11675.3,3423.6,0.0,18.4,719.0,99
 686,-3.83163,-59.45109,S 3 49 53.87,O 59 27 3.92,Autazes,1300300,AM,7636,1304.0,23.2,4836.4,15.4,0.0,464.3,1015.9,100
 687,-12.62674,-46.48403,S 12 37 36.26,O 46 29 2.51,Aurora do Tocantins,1702703,TO,756,0.0,0.0,1.5,0.0,0.0,754.5,0.0,100
 688,-2.26004,-47.70690,S 2 15 36.14,O 47 42 24.84,Aurora do Pará,1500958,PA,1824,1551.6,1.0,186.1,69.0,0.0,0.0,17.3,100
 689,-0.99609,-46.42827,S 0 59 45.92,O 46 25 41.77,Augusto Corrêa,1500909,PA,1100,728.8,0.2,206.7,83.5,0.0,4.7,76.3,100
 690,-5.52161,-47.92406,S 5 31 17.80,O 47 55 26.62,Augustinópolis,1702554,TO,397,382.7,0.3,13.8,0.0,0.0,0.5,0.0,100
 691,-5.67098,-71.72825,S 5 40 15.53,O 71 43 41.70,Atalaia do Norte,1300201,AM,80005,242.4,0.1,74613.8,4736.4,0.0,16.5,395.9,99
 692,-10.71979,-70.01543,S 10 43 11.24,O 70 0 55.55,Assis Brasil,1200054,AC,5180,273.9,6.1,4510.5,395.1,0.0,0.5,0.0,100
 693,-12.81998,-46.91441,S 12 49 11.93,O 46 54 51.88,Arraias,1702406,TO,5827,0.0,0.0,12.9,0.0,0.0,5814.1,0.0,100
 694,-9.97866,-63.05645,S 9 58 43.18,O 63 3 23.22,Ariquemes,1100023,RO,4481,3219.1,10.2,1172.1,0.0,0.0,89.6,0.2,100
 695,-10.10335,-59.71834,S 10 6 12.06,O 59 43 6.02,Aripuanã,5101407,MT,25182,4029.0,51.9,20816.0,0.0,0.0,283.2,53.8,99
 696,-14.50360,-56.87307,S 14 30 12.96,O 56 52 23.05,Arenápolis,5101308,MT,414,368.3,0.1,45.7,0.0,0.0,0.0,0.0,100
 697,-3.55014,-44.72648,S 3 33 0.50,O 44 43 35.33,Arari,2101004,MA,1115,409.2,0.4,20.7,21.1,0.0,585.3,78.7,100
 698,-15.26483,-58.40783,S 15 15 53.39,O 58 24 28.19,Araputanga,5101258,MT,1608,1226.3,0.0,346.5,0.0,0.0,35.2,0.0,100
 699,-7.72936,-49.00870,S 7 43 45.70,O 49 0 31.32,Arapoema,1702307,TO,1558,1465.9,0.0,68.1,0.0,0.0,0.0,24.0,100
 700,-5.03734,-45.89453,S 5 2 14.42,O 45 53 40.31,Arame,2100956,MA,3075,1882.5,7.1,855.9,0.0,0.0,336.5,0.1,99
 701,-5.64178,-48.00928,S 5 38 30.41,O 48 0 33.41,Araguatins,1702208,TO,2642,1831.0,3.6,205.3,0.0,0.0,539.0,66.7,99
 702,-6.73568,-48.55630,S 6 44 8.45,O 48 33 22.68,Araguanã,1702158,TO,838,743.9,0.0,66.3,0.0,0.0,12.5,15.3,99
 703,-3.06101,-45.77225,S 3 3 39.64,O 45 46 20.10,Araguanã,2100873,MA,811,757.7,0.0,1.2,52.1,0.0,0.0,0.0,100
 704,-16.70281,-53.14052,S 16 42 10.12,O 53 8 25.87,Araguainha,5101209,MT,688,0.0,0.0,0.7,0.0,0.0,687.3,0.0,100
 705,-7.25203,-48.28200,S 7 15 7.31,O 48 16 55.20,Araguaína,1702109,TO,4019,2694.6,2.1,402.9,0.0,0.0,897.6,23.9,99
 706,-15.07464,-51.79283,S 15 4 28.70,O 51 47 34.19,Araguaiana,5101001,MT,6422,831.1,0.1,542.4,0.0,0.0,5034.8,13.7,100
 707,-12.83987,-49.77520,S 12 50 23.53,O 49 46 30.72,Araguaçu,1702000,TO,5183,0.0,0.0,80.5,0.0,0.0,5099.8,2.7,99
 708,-8.90941,-49.57375,S 8 54 33.88,O 49 34 25.50,Araguacema,1701903,TO,2786,60.3,4.5,409.6,0.0,0.0,2232.0,84.1,99
 709,-6.98883,-48.52513,S 6 59 19.79,O 48 31 30.47,Aragominas,1701309,TO,1180,1017.3,1.8,133.6,0.4,0.0,18.0,10.7,100
 710,-7.59202,-59.44152,S 7 35 31.27,O 59 26 29.47,Apuí,1300144,AM,54490,2128.3,107.2,51532.5,0.0,0.0,625.0,204.2,100
 711,-1.43741,-45.09702,S 1 26 14.68,O 45 5 49.27,Apicum-Açu,2100832,MA,349,167.0,0.0,79.4,40.4,0.0,3.0,59.2,100
 712,-8.58250,-58.01843,S 8 34 57.00,O 58 1 6.35,Apiacás,5100805,MT,20401,2136.8,16.4,16948.1,0.0,0.0,1052.9,263.2,99
 713,-9.97682,-48.02150,S 9 58 36.55,O 48 1 17.40,Aparecida do Rio Negro,1701101,TO,1166,0.0,0.0,0,0.0,0.0,1166.8,0.0,100
 714,-4.15477,-62.08065,S 4 9 17.17,O 62 4 50.34,Anori,1300102,AM,5852,82.8,0.6,4190.2,503.7,0.0,640.6,434.7,100
 715,-6.42281,-47.89701,S 6 25 22.12,O 47 53 49.24,Angico,1701051,TO,453,200.2,0.2,30.2,0.0,0.0,222.6,0.0,100
 716,-3.94708,-51.35268,S 3 56 49.49,O 51 21 9.65,Anapu,1500859,PA,11910,2356.8,95.6,8934.2,438.7,0.0,6.8,173.5,100
 717,-1.34293,-48.39038,S 1 20 34.55,O 48 23 25.37,Ananindeua,1500800,PA,185,87.3,0.0,74.2,5.1,0.0,0.0,18.4,100
 718,-6.19412,-48.20527,S 6 11 38.83,O 48 12 18.97,Ananás,1701002,TO,1587,1165.7,2.0,185.1,0.0,0.0,192.8,43.4,99
 719,-3.47332,-61.67090,S 3 28 23.95,O 61 40 15.24,Anamã,1300086,AM,2473,200.7,1.0,1764.7,254.0,0.0,34.6,219.0,100
 720,-3.25025,-44.59701,S 3 15 0.90,O 44 35 49.24,Anajatuba,2100709,MA,1024,313.4,0.0,31.6,13.3,0.0,552.8,112.9,100
 721,-0.79152,-49.99786,S 0 47 29.47,O 49 59 52.30,Anajás,1500701,PA,6940,176.6,0.1,4005.7,2411.8,0.0,209.1,136.8,99
 722,-3.42104,-68.34925,S 3 25 15.74,O 68 20 57.30,Amaturá,1300060,AM,4903,115.8,0.6,2993.0,1358.1,0.0,222.5,213.6,100
 723,-5.38073,-46.60406,S 5 22 50.63,O 46 36 14.62,Amarante do Maranhão,2100600,MA,7733,2319.8,8.8,3719.7,15.0,0.0,1678.5,0.0,100
 724,-1.65649,-45.93749,S 1 39 23.36,O 45 56 14.96,Amapá do Maranhão,2100550,MA,507,390.1,3.1,97.4,19.5,0.0,0.0,0.0,100
 725,1.68339,-50.24716,N 1 41 0.20,O 50 14 49.78,Amapá,1600105,AP,9186,109.5,0.3,1163.5,2026.6,0.0,4911.1,975.3,100
 726,3.72519,-61.80976,N 3 43 30.68,O 61 48 35.14,Amajari,1400027,RR,28786,352.9,11.4,15504.2,7553.0,0.0,5292.0,83.9,100
 727,-11.33396,-62.46869,S 11 20 2.26,O 62 28 7.28,Alvorada D'Oeste,1100346,RO,3060,1380.0,1.6,860.1,0.2,0.0,819.7,0.0,100
 728,-12.40844,-49.11486,S 12 24 30.38,O 49 6 53.50,Alvorada,1700707,TO,1216,0.0,0.0,0,0.0,0.0,1216.1,0.0,100
 729,-3.67425,-65.34586,S 3 40 27.30,O 65 20 45.10,Alvarães,1300029,AM,6027,330.1,0.6,5415.1,116.2,0.0,38.0,127.6,100
 730,-17.77315,-53.34775,S 17 46 23.34,O 53 20 51.90,Alto Taquari,5100607,MT,1391,0.0,0.0,7.6,0.0,0.0,1383.4,0.0,100
 731,-9.50943,-46.19474,S 9 30 33.95,O 46 11 41.06,Alto Parnaíba,2100501,MA,11229,0.0,0.0,156.3,0.0,0.0,11072.7,0.0,100
 732,-9.69738,-63.37770,S 9 41 50.57,O 63 22 39.72,Alto Paraíso,1100403,RO,2683,1767.4,23.6,897.2,0.0,0.0,0.8,17.6,100
 733,-14.76893,-56.62505,S 14 46 8.15,O 56 37 30.18,Alto Paraguai,5100508,MT,2055,423.9,0.3,123.1,0.0,0.0,1508.0,0.0,100
 734,-16.85399,-53.66434,S 16 51 14.36,O 53 39 51.62,Alto Garças,5100409,MT,3658,0.0,0.0,0.0,0.0,0.0,3658.0,0.0,100
 735,-11.78783,-51.69334,S 11 47 16.19,O 51 41 36.02,Alto Boa Vista,5100359,MT,2241,1174.3,0.4,492.9,0.0,0.0,573.8,0.0,99
 736,-17.42312,-53.45650,S 17 25 23.23,O 53 27 23.40,Alto Araguaia,5100300,MT,5541,0.0,0.0,201.7,0.0,0.0,5339.3,0.0,100
 737,-12.57336,-61.76339,S 12 34 24.10,O 61 45 48.20,Alto Alegre dos Parecis,1100379,RO,3994,1313.1,3.6,1749.5,0.0,0.0,917.6,13.8,100
 738,-3.96927,-46.11010,S 3 58 9.37,O 46 6 36.36,Alto Alegre do Pindaré,2100477,MA,1951,1864.9,0.2,21.2,11.4,0.0,53.5,0.0,100
 739,-4.21028,-44.38837,S 4 12 37.01,O 44 23 18.13,Alto Alegre do Maranhão,2100436,MA,388,188.2,0.0,199.8,0.0,0.0,0.0,0.0,100
 740,3.10387,-62.61311,N 3 6 13.93,O 62 36 47.20,Alto Alegre,1400050,RR,25869,790.9,6.9,11391.5,10982.5,0.0,2610.3,93.8,100
 741,-4.14425,-45.46630,S 4 8 39.30,O 45 27 58.68,Altamira do Maranhão,2100402,MA,542,542.5,0.0,0,0.0,0.0,0.0,0.0,100
 742,-6.31664,-54.26280,S 6 18 59.90,O 54 15 46.08,Altamira,1500602,PA,159540,8092.6,308.6,142658.4,3360.1,0.0,3760.6,1668.3,100
 743,-12.47301,-62.13723,S 12 28 22.84,O 62 8 14.03,Alta Floresta D'Oeste,1100015,RO,7137,2278.1,5.0,3128.7,0.0,0.0,1708.0,22.2,100
 744,-10.04165,-56.40435,S 10 2 29.94,O 56 24 15.66,Alta Floresta,5100250,MT,8986,4946.1,8.8,3745.1,0.0,0.0,258.7,36.1,100
 745,0.40528,-54.00657,N 0 24 19.01,O 54 0 23.65,Almeirim,1500503,PA,72964,1813.2,12.4,50089.9,17314.8,0.0,2715.5,1030.6,100
 746,-11.47324,-47.30304,S 11 28 23.66,O 47 18 10.94,Almas,1700400,TO,4041,0.0,0.0,0.0,0.0,0.0,4041.0,0.0,100
 747,-11.35975,-48.94098,S 11 21 35.10,O 48 56 27.53,Aliança do Tocantins,1700350,TO,1585,0.0,0.0,0,0.0,0.0,1585.9,0.0,100
 748,-0.30798,-55.15106,S 0 18 28.73,O 55 9 3.82,Alenquer,1500404,PA,22286,1429.6,13.3,15555.4,2235.0,0.0,2476.4,589.6,100
 749,-2.20396,-44.47826,S 2 12 14.26,O 44 28 41.74,Alcântara,2100204,MA,1506,905.0,0.0,89.9,89.1,0.0,72.0,350.0,100
 750,-6.50140,-47.50278,S 6 30 5.04,O 47 30 10.01,Aguiarnópolis,1700301,TO,236,108.5,0.5,21.1,0.0,0.0,102.1,4.3,99
 751,-14.08771,-52.43685,S 14 5 15.76,O 52 26 12.66,Água Boa,5100201,MT,7486,38.3,0.9,125.3,0.0,0.0,7322.4,0.0,99
 752,-6.76170,-50.32800,S 6 45 42.12,O 50 19 40.80,Água Azul do Norte,1500347,PA,7125,4642.4,9.6,2263.6,91.1,0.0,127.9,0.0,100
 753,-0.23850,-50.74083,S 0 14 18.60,O 50 44 26.99,Afuá,1500305,PA,8382,29.0,0.0,3079.2,2246.5,0.0,286.7,2740.6,100
 754,-9.95424,-66.87906,S 9 57 15.26,O 66 52 44.62,Acrelândia,1200013,AC,1880,1152.5,15.2,727.5,0.0,0.0,0.0,0.0,100
 755,-15.19422,-56.31716,S 15 11 39.19,O 56 19 1.78,Acorizal,5100102,MT,841,0.0,0.0,0.2,0.0,0.0,840.8,0.0,100
 756,-2.03379,-48.31904,S 2 2 1.64,O 48 19 8.54,Acará,1500206,PA,4361,2357.8,7.0,1606.4,283.0,0.0,43.3,70.5,100
 757,-4.70208,-47.22036,S 4 42 7.49,O 47 13 13.30,Açailândia,2100055,MA,5846,5317.3,8.1,431.3,97.4,0.0,0.0,0.0,100
 758,-9.46606,-49.33901,S 9 27 57.82,O 49 20 20.44,Abreulândia,1700251,TO,1900,7.5,0.1,48.2,0.0,0.0,1844.3,0.0,100
 759,-4.96265,-48.39406,S 4 57 45.54,O 48 23 38.62,Abel Figueiredo,1500131,PA,616,566.0,0.1,50.0,0.0,0.0,0.0,0.0,100
 760,-1.73866,-48.85524,S 1 44 19.18,O 48 51 18.86,Abaetetuba,1500107,PA,1617,694.4,0.6,451.2,44.2,0.0,13.6,413.6,99
